,Unnecessary Copy,Copy to GPU,Arrange data,Full count array and resize neighbour array,Execute kncomputeNeighboursCount and resize neighbour offsets,Execute exclusive_scan over counts,Count resize,Set inverse offsets and counts,Execute kncomputeNeighbours,Neighbour resize,Inverse particle indexes,Copy neighbour data to CPU,Compute neighbours,neighborhood search, constraint projection,XSPH viscosity computation,SimStep
0,0.0217,0.1147,0.7657,0.0481,0.0021,0.2458,0.0002,0.052,0.1328,0.0002,0.115,0.3328,0.9503,1.8636,8.8411,1.378,12.27
1,0.0177,0.2434,0.7652,0.0525,0.0038,0.2588,0.0001,0.0583,0.1432,0.0002,0.1293,0.3352,0.9998,2.0376,6.5253,0.757,9.5327
2,0.0162,0.2257,0.7141,0.0575,0.0027,0.2326,0.0001,0.0456,0.1367,0.0001,0.1287,0.3348,0.9517,1.9171,4.894,0.7878,7.7982
3,0.0152,0.2397,0.7001,0.0512,0.0016,0.2224,0.0001,0.0508,0.137,0.0002,0.1242,0.3169,0.9168,1.8825,4.8872,0.7652,7.7328
4,0.0159,0.3062,0.6829,0.052,0.0014,0.2278,0.0001,0.0446,0.1346,0.0001,0.1218,0.3036,0.8947,1.906,5.5148,0.7635,8.3852
5,0.0156,0.364,0.7023,0.0431,0.0017,0.2325,0.0001,0.053,0.1447,0.0003,0.142,0.344,0.9801,2.0709,4.9175,0.7672,7.9582
6,0.0161,0.2241,0.7474,0.0536,0.003,0.2398,0.0001,0.0541,0.142,0.0002,0.1267,0.3474,0.9856,1.9838,5.0296,0.837,8.0509
7,0.0154,0.2433,0.7141,0.0526,0.0036,0.3096,0.0002,0.0523,0.1347,0.0001,0.1695,0.3202,1.0639,2.0458,4.9809,0.8745,8.1124
8,0.0213,0.28,0.754,0.0561,0.0041,0.2786,0.0002,0.05,0.1306,0.0002,0.1626,0.3375,1.0416,2.1103,7.7524,0.8971,10.995
9,0.0176,0.2229,0.7606,0.0567,0.002,0.3071,0.0002,0.0543,0.1352,0.0002,0.1728,0.3215,1.0661,2.0792,6.2153,0.8906,9.4063
10,0.0213,0.2749,0.7195,0.0617,0.0037,0.2906,0.0001,0.0456,0.147,0.0002,0.1752,0.3213,1.067,2.0908,5.0351,0.9014,8.2441
11,0.0164,0.2933,0.7264,0.0533,0.0018,0.2985,0.0002,0.0532,0.1507,0.0002,0.1792,0.3211,1.0793,2.1277,5.0822,0.8878,8.311
12,0.0159,0.2309,0.7133,0.0597,0.004,0.2455,0.0001,0.056,0.1403,0.0004,0.1268,0.3264,0.98,1.9503,5.1677,0.8696,8.201
13,0.0158,0.2381,0.7272,0.0541,0.0031,0.2921,0.0001,0.0556,0.137,0.0002,0.1695,0.3192,1.0505,2.041,5.2534,0.8641,8.3718
14,0.0182,0.24,0.7358,0.0619,0.0036,0.294,0.0001,0.047,0.157,0.0002,0.1729,0.346,1.1031,2.1062,5.3409,0.8567,8.5157
15,0.0154,0.2419,0.7202,0.0575,0.0017,0.3051,0.0002,0.0573,0.1521,0.0003,0.1738,0.3214,1.0891,2.0776,5.3083,0.8524,8.4491
16,0.0203,0.2104,0.7518,0.0513,0.0019,0.2498,0.0001,0.0487,0.1499,0.0002,0.1208,0.3385,0.9809,1.9761,9.0139,0.8698,12.093
17,0.0159,0.2377,0.7497,0.0648,0.0023,0.3117,0.0001,0.0609,0.148,0.0003,0.1792,0.3388,1.1249,2.1367,5.5059,0.8823,8.7421
18,0.017,0.2316,0.7605,0.0552,0.002,0.305,0.0001,0.0539,0.1497,0.0002,0.1807,0.3367,1.1033,2.1218,9.5884,0.8994,12.8307
19,0.0159,0.3107,0.7342,0.0565,0.0019,0.2966,0.0002,0.0512,0.1569,0.0002,0.1744,0.3263,1.0875,2.1605,8.2827,0.8912,11.549
20,0.0159,0.284,0.7152,0.057,0.0019,0.3048,0.0001,0.0544,0.1571,0.0001,0.1809,0.3281,1.1038,2.1302,6.6541,1.6474,10.6493
21,0.0162,0.3059,0.7203,0.0584,0.0039,0.316,0.0002,0.0584,0.1525,0.0002,0.1834,0.3561,1.1484,2.2016,6.0358,0.9091,9.3689
22,0.0174,0.2883,0.7361,0.0569,0.0026,0.3016,0.0001,0.0607,0.1573,0.0003,0.1855,0.3206,1.1051,2.1547,6.8779,0.91,10.1694
23,0.0157,0.3021,0.7254,0.0524,0.0018,0.2514,0.0001,0.0521,0.1538,0.0001,0.1319,0.3199,0.9805,2.0342,7.0687,1.2226,10.5399
24,0.0203,0.2078,0.7887,0.0594,0.0028,0.2943,0.0001,0.0474,0.1502,0.0002,0.1712,0.3348,1.0817,2.1095,10.6311,1.4843,14.4665
25,0.0171,0.3487,0.7707,0.0545,0.0019,0.3062,0.0001,0.049,0.156,0.0002,0.1725,0.3373,1.0981,2.2444,10.7234,1.7212,14.9099
26,0.0163,0.3123,0.7407,0.0552,0.0036,0.2551,0.0001,0.0517,0.1548,0.0002,0.1368,0.3338,1.014,2.0931,6.1149,0.9118,9.3325
27,0.017,0.4448,0.717,0.0573,0.002,0.3136,0.0001,0.0556,0.153,0.0003,0.1757,0.306,1.0813,2.2688,6.5419,0.9285,9.9548
28,0.0155,0.3039,0.774,0.0582,0.0042,0.3388,0.0004,0.0523,0.164,0.0003,0.1919,0.3804,1.2168,2.3216,8.1846,0.9348,11.683
29,0.0156,0.2953,0.733,0.055,0.0015,0.2935,0,0.0437,0.1464,0.0003,0.1766,0.3324,1.0665,2.117,8.2421,0.9199,11.4909
30,0.0188,0.3205,0.7446,0.0502,0.0018,0.2688,0.0001,0.0561,0.1593,0.0002,0.1305,0.3311,1.0174,2.111,8.1647,0.959,11.4478
31,0.0145,0.2987,0.7456,0.0556,0.0032,0.3237,0.0001,0.0559,0.1558,0.0003,0.177,0.3216,1.1127,2.1836,6.6886,1.7716,10.8547
32,0.0223,0.2087,0.7481,0.0575,0.0036,0.3252,0.0001,0.0483,0.1481,0.0003,0.1729,0.3413,1.1198,2.1094,11.5097,1.7797,15.6331
33,0.0164,0.3268,0.7636,0.0546,0.0023,0.3223,0.0001,0.0488,0.1591,0.0002,0.18,0.3452,1.1313,2.2487,6.9232,0.9658,10.4072
34,0.0166,0.2963,0.7236,0.0578,0.0058,0.3351,0.0001,0.0556,0.1625,0.0002,0.1811,0.3232,1.1417,2.1893,7.0155,1.6884,11.1116
35,0.0156,0.2165,0.7307,0.0554,0.002,0.314,0.0001,0.0496,0.1568,0.0003,0.1839,0.3483,1.1305,2.1028,7.8629,0.9641,11.1448
36,0.0174,0.3101,0.7237,0.0552,0.0022,0.3134,0.0001,0.0454,0.159,0.0002,0.1702,0.3511,1.1177,2.1789,6.9447,0.9826,10.3159
37,0.0168,0.2858,0.7183,0.0583,0.0019,0.3105,0.0001,0.0565,0.1551,0.0003,0.1849,0.3491,1.135,2.1649,10.4615,0.9525,13.7917
38,0.0148,0.323,0.7314,0.0577,0.0032,0.3215,0.0002,0.0512,0.1619,0.0002,0.1866,0.3412,1.145,2.2245,7.016,0.9505,10.3996
39,0.0159,0.2957,0.7213,0.0545,0.0038,0.3114,0.0001,0.0544,0.1585,0.0001,0.1804,0.3557,1.1406,2.1826,6.9717,0.9682,10.3292
40,0.0246,0.2014,0.7564,0.0585,0.0058,0.311,0.0002,0.0451,0.148,0.0003,0.1794,0.3183,1.0885,2.0829,12.5198,1.7413,16.5744
41,0.0166,0.2994,0.7863,0.0608,0.0027,0.311,0.0001,0.0494,0.1575,0.0002,0.1915,0.3518,1.1464,2.257,7.8641,0.959,11.2931
42,0.0172,0.4608,0.7153,0.0539,0.003,0.3088,0.0001,0.0551,0.1584,0.0002,0.1829,0.3323,1.1138,2.3161,7.3109,0.9756,10.8053
43,0.0164,0.2792,0.7126,0.057,0.0053,0.3439,0.0001,0.0567,0.1549,0.0002,0.1949,0.3378,1.1715,2.1877,7.3973,0.9833,10.7723
44,0.0152,0.3083,0.7322,0.055,0.0016,0.318,0.0001,0.0522,0.156,0.0002,0.1831,0.3354,1.1131,2.1773,7.4419,0.9856,10.8127
45,0.0166,0.2989,0.7124,0.0539,0.0018,0.2995,0.0001,0.052,0.1572,0.0001,0.1974,0.3322,1.1088,2.1448,7.5449,0.9974,10.8901
46,0.0155,0.2766,0.7086,0.053,0.0016,0.3053,0.0001,0.0522,0.1533,0.0001,0.1806,0.3349,1.0954,2.1047,7.4185,0.9987,10.7273
47,0.0161,0.4608,0.7253,0.057,0.0015,0.2926,0.0001,0.0454,0.1509,0.0001,0.1896,0.3171,1.0643,2.2778,7.5866,1.0025,11.0691
48,0.0162,0.1153,0.7488,0.0629,0.0028,0.3168,0.0001,0.0488,0.1544,0.0002,0.1882,0.3359,1.1319,2.0262,12.6273,1.0057,15.8556
49,0.0174,0.2414,0.7591,0.0636,0.0036,0.314,0.0001,0.0461,0.1563,0.0002,0.1903,0.3535,1.1455,2.1749,7.8794,1.0156,11.2748
50,0.0155,0.2931,0.732,0.0501,0.0017,0.3291,0.0001,0.0533,0.1577,0.0002,0.1824,0.3329,1.1248,2.1748,7.8416,1.0191,11.2368
51,0.0173,0.2884,0.7072,0.058,0.0037,0.3237,0.0001,0.0558,0.1552,0.0002,0.195,0.3262,1.1389,2.1605,8.3141,1.2578,11.9355
52,0.0161,0.3048,0.7364,0.0533,0.002,0.3173,0.0001,0.0574,0.1625,0.0002,0.183,0.3552,1.1523,2.2193,7.9622,1.0365,11.42
53,0.0169,0.278,0.7291,0.0628,0.0076,0.3379,0.0001,0.0534,0.162,0.0003,0.1942,0.3341,1.1693,2.2032,8.0366,1.0412,11.4817
54,0.0174,0.2842,0.7241,0.0534,0.0015,0.2924,0,0.05,0.1542,0.0001,0.1738,0.3341,1.0693,2.102,8.0849,1.0449,11.4329
55,0.0159,0.2326,0.7186,0.0543,0.0035,0.3254,0.0002,0.055,0.1494,0.0002,0.1894,0.3223,1.1215,2.1017,8.0487,1.0412,11.3931
56,0.0214,0.2062,0.7692,0.0578,0.0022,0.3153,0.0001,0.0491,0.1515,0.0002,0.1883,0.3546,1.1399,2.1508,13.0818,1.6993,17.1509
57,0.0172,0.3081,0.7185,0.0537,0.0016,0.2955,0.0001,0.0498,0.1564,0.0002,0.1841,0.3375,1.0941,2.1487,8.1548,1.0488,11.5575
58,0.0177,0.3404,0.7304,0.0567,0.0025,0.3107,0.0001,0.0554,0.156,0.0002,0.1911,0.3273,1.1199,2.2178,8.0907,1.0542,11.5672
59,0.0159,0.2983,0.7278,0.0553,0.0041,0.3283,0.0001,0.0582,0.1551,0.0002,0.2108,0.3359,1.1683,2.2201,8.0976,1.0728,11.5914
60,0.0173,0.3766,0.6885,0.0528,0.0014,0.2866,0.0001,0.0517,0.1479,0.0001,0.1906,0.3439,1.086,2.1735,8.1522,1.0625,11.5864
61,0.0154,0.3827,0.6951,0.0551,0.0015,0.2923,0.0001,0.0426,0.1524,0.0002,0.1868,0.3184,1.0586,2.1568,8.1606,1.0545,11.5732
62,0.015,0.285,0.6942,0.0511,0.0014,0.2933,0.0001,0.05,0.1508,0.0002,0.1894,0.3218,1.0669,2.0678,8.1864,1.0595,11.5148
63,0.0184,0.292,0.7016,0.0506,0.0014,0.2877,0.0001,0.043,0.1486,0.0001,0.1933,0.3312,1.0654,2.083,8.3619,1.066,11.7111
64,0.0163,0.1125,0.7022,0.0649,0.0019,0.3032,0.0001,0.0479,0.1424,0.0002,0.1841,0.3483,1.1044,1.9444,13.0331,1.0561,16.2292
65,0.0205,0.3028,0.682,0.063,0.0042,0.2955,0.0001,0.0458,0.1514,0.0001,0.1832,0.3381,1.0917,2.1028,8.1465,1.0612,11.5116
66,0.0163,0.2915,0.6785,0.0525,0.0015,0.2928,0,0.0498,0.1524,0.0002,0.1868,0.3284,1.0734,2.0656,8.7638,1.071,12.1023
67,0.0155,0.2355,0.7186,0.0599,0.0017,0.3177,0.0001,0.0477,0.152,0.0002,0.1928,0.3744,1.2045,2.1875,8.1538,1.0651,11.6077
68,0.0153,0.3142,0.7194,0.0586,0.0035,0.31,0.0001,0.0465,0.1548,0.0002,0.1916,0.3454,1.1292,2.1878,8.3121,1.0662,11.7683
69,0.0166,0.2966,0.7459,0.0558,0.0016,0.3188,0.0001,0.0555,0.1546,0.0002,0.1912,0.3487,1.1461,2.2175,8.21,1.0628,11.696
70,0.0167,0.3338,0.7171,0.0566,0.0021,0.3056,0.0001,0.06,0.1552,0.0003,0.1982,0.3372,1.1364,2.2156,8.4386,1.1241,11.984
71,0.0162,0.296,0.7244,0.054,0.0035,0.3181,0.0001,0.0535,0.1529,0.0002,0.1898,0.3428,1.1377,2.184,8.2526,1.0753,11.7207
72,0.0208,0.2029,0.7549,0.0582,0.0046,0.3055,0.0001,0.0612,0.1461,0.0002,0.1893,0.3705,1.1574,2.1505,12.1037,1.0668,15.5535
73,0.0183,0.3758,0.7274,0.0532,0.0016,0.2982,0.0001,0.0462,0.1503,0.0002,0.1865,0.3266,1.0722,2.2026,8.2571,1.0696,11.7383
74,0.0169,0.2865,0.6832,0.0564,0.0014,0.3018,0.0001,0.0503,0.1497,0.0001,0.1882,0.3283,1.0859,2.0783,8.3322,1.0675,11.6789
75,0.0176,0.2058,0.7233,0.0511,0.0015,0.2911,0.0001,0.0538,0.1488,0.0001,0.1894,0.3504,1.0986,2.0529,8.2199,1.0891,11.5646
76,0.0166,0.2773,0.7496,0.0524,0.0029,0.3103,0.0001,0.0455,0.1529,0.0001,0.1947,0.3513,1.1304,2.1867,8.2325,1.0665,11.6871
77,0.0172,0.3502,0.7485,0.053,0.0025,0.3168,0.0001,0.0545,0.1548,0.0002,0.1932,0.3547,1.1494,2.2771,8.3777,1.0832,11.9418
78,0.0151,0.294,0.7316,0.0506,0.003,0.3179,0.0002,0.0555,0.1475,0.0002,0.1961,0.332,1.1227,2.1742,8.2369,1.073,11.6883
79,0.0171,0.2806,0.7157,0.056,0.002,0.2996,0.0002,0.056,0.1532,0.0002,0.1909,0.3295,1.1066,2.1311,8.2376,1.0875,11.6564
80,0.0216,0.1209,0.7437,0.0585,0.0031,0.3049,0.0002,0.0538,0.1448,0.0002,0.1855,0.3644,1.1335,2.0347,14.3262,1.0784,17.6278
81,0.0152,0.3079,0.7713,0.0586,0.0035,0.3005,0.0001,0.0455,0.1542,0.0001,0.1923,0.3459,1.1206,2.2278,8.2446,1.0751,11.7494
82,0.0178,0.2972,0.7061,0.0622,0.002,0.306,0.0002,0.0552,0.1557,0.0002,0.1877,0.3304,1.1197,2.1515,8.246,1.1388,11.7394
83,0.0176,0.2979,0.6992,0.0545,0.0019,0.3163,0.0001,0.0538,0.1517,0.0002,0.1968,0.355,1.1521,2.1774,8.3697,1.0833,11.8339
84,0.0176,0.2942,0.7619,0.0566,0.0032,0.3108,0.0001,0.054,0.1512,0.0003,0.1959,0.3418,1.1334,2.2191,8.2699,1.0794,11.7717
85,0.0166,0.2848,0.7168,0.0519,0.0019,0.3122,0.0001,0.0562,0.1559,0.0003,0.1886,0.339,1.1281,2.1576,9.0075,1.079,12.4464
86,0.0155,0.2351,0.7024,0.0512,0.0016,0.3053,0.0001,0.059,0.1541,0.0002,0.1955,0.3507,1.1363,2.097,8.2875,1.0801,11.6683
87,0.0178,0.2934,0.7268,0.0518,0.0037,0.3141,0.0001,0.0564,0.151,0.0002,0.1954,0.3533,1.1479,2.1968,8.3627,1.0905,11.8523
88,0.021,0.1112,0.7524,0.0607,0.0027,0.2958,0.0002,0.0465,0.1453,0.0002,0.186,0.3506,1.1094,2.0081,15.2333,2.0384,19.5104
89,0.0168,0.3027,0.7687,0.0634,0.0023,0.2574,0.0001,0.0597,0.1503,0.0002,0.1507,0.3559,1.059,2.1595,8.3574,1.0883,11.8178
90,0.0176,0.4103,0.749,0.0576,0.0016,0.2863,0.0001,0.0439,0.1496,0.0001,0.1878,0.3553,1.0929,2.28,8.3443,1.0855,11.9147
91,0.0169,0.3581,0.6791,0.0535,0.0015,0.28,0,0.0454,0.1499,0.0001,0.1942,0.3517,1.0868,2.1462,8.3109,1.1318,11.7953
92,0.0174,0.4455,0.6911,0.0532,0.0016,0.2881,0.0001,0.0498,0.1508,0.0001,0.1903,0.3503,1.0949,2.2573,8.369,1.0858,11.9139
93,0.0169,0.2881,0.6987,0.0536,0.0016,0.3058,0,0.0516,0.149,0.0001,0.1856,0.3446,1.1009,2.1102,8.3892,1.0935,11.7928
94,0.0168,0.2807,0.7225,0.0569,0.0017,0.245,0.0001,0.0554,0.1522,0.0002,0.1439,0.3428,1.0139,2.043,8.4167,1.0853,11.7505
95,0.0175,0.2868,0.7252,0.0559,0.0021,0.3041,0.0001,0.0533,0.1529,0.0002,0.1941,0.345,1.1276,2.1696,8.387,1.0871,11.8488
96,0.0229,0.202,0.7827,0.0584,0.0035,0.2451,0.0001,0.0491,0.1474,0.0002,0.1436,0.3524,1.0242,2.046,15.2351,2.0012,19.4991
97,0.0161,0.3095,0.7471,0.0559,0.0019,0.2902,0.0001,0.0454,0.1578,0.0002,0.1857,0.3495,1.1049,2.1879,8.3936,1.0874,11.8788
98,0.0175,0.3017,0.7052,0.0511,0.0014,0.3068,0.0001,0.0571,0.1578,0.0002,0.1979,0.3331,1.127,2.1575,8.3615,1.0971,11.8182
99,0.0174,0.3988,0.7376,0.0546,0.0016,0.3034,0.0001,0.0432,0.1543,0.0002,0.1977,0.3469,1.1215,2.286,8.3534,1.091,11.9354
100,0.0173,0.2769,0.7319,0.0639,0.0035,0.3076,0.0002,0.0574,0.1518,0.0003,0.1927,0.3305,1.1283,2.1648,8.3578,1.0917,11.8325
101,0.017,0.3806,0.7277,0.0566,0.0037,0.3114,0,0.0554,0.1497,0.0002,0.1947,0.3401,1.1318,2.2679,8.3957,1.0939,11.9608
102,0.0164,0.2906,0.7322,0.0485,0.0023,0.2927,0.0001,0.0487,0.1517,0.0003,0.1962,0.3457,1.107,2.1557,8.3662,1.0921,11.8179
103,0.0175,0.289,0.7227,0.054,0.0016,0.2552,0.0002,0.0544,0.1541,0.0001,0.1438,0.3532,1.0372,2.0779,8.3748,1.0942,11.7475
104,0.0173,0.1138,0.7397,0.0627,0.0029,0.3137,0.0001,0.0451,0.1407,0.0002,0.1905,0.3631,1.1361,2.0197,12.0547,1.1105,15.3886
105,0.0222,0.3177,0.762,0.0533,0.0016,0.3046,0.0002,0.0509,0.1566,0.0003,0.1978,0.357,1.146,2.2595,8.424,1.0941,11.9839
106,0.017,0.2854,0.7193,0.0544,0.0033,0.297,0.0001,0.052,0.1538,0.0003,0.1944,0.3543,1.1295,2.1602,8.3524,1.0904,11.8053
107,0.0168,0.2832,0.7207,0.0573,0.0033,0.2554,0.0001,0.0528,0.1526,0.0002,0.158,0.3766,1.083,2.114,8.4498,1.0915,11.8607
108,0.0171,0.2879,0.726,0.0529,0.0016,0.2938,0.0001,0.0538,0.1499,0.0002,0.1891,0.3359,1.0915,2.1305,8.4432,1.0896,11.8661
109,0.0156,0.2915,0.7191,0.0565,0.0018,0.3086,0.0001,0.0548,0.152,0.0002,0.192,0.3312,1.118,2.154,8.6157,1.102,12.0799
110,0.0166,0.2919,0.7335,0.0587,0.0049,0.3053,0.0001,0.0568,0.1506,0.0002,0.2012,0.3449,1.1434,2.1975,8.3935,1.1028,11.8967
111,0.0166,0.2109,0.7221,0.0545,0.0035,0.3056,0.0002,0.0525,0.148,0.0002,0.1982,0.3305,1.1126,2.0715,8.4418,1.1046,11.8209
112,0.0201,0.2531,0.7727,0.0617,0.0046,0.2442,0.0001,0.0483,0.1445,0.0002,0.1442,0.3474,1.0141,2.0738,10.6402,1.0981,14.0416
113,0.0176,0.4314,0.7228,0.0553,0.0015,0.2872,0.0001,0.0476,0.1519,0.0001,0.1955,0.3531,1.1018,2.2798,8.6247,1.1141,12.2289
114,0.0139,0.3013,0.6952,0.0619,0.0016,0.295,0.0001,0.0547,0.1519,0.0002,0.1964,0.3584,1.1327,2.1487,8.4932,1.1158,11.9604
115,0.0138,0.3572,0.694,0.0518,0.0014,0.2398,0,0.0536,0.1531,0.0002,0.1499,0.3448,1.0035,2.0737,8.5148,1.1215,11.9129
116,0.0138,0.2251,0.7069,0.0516,0.0014,0.2927,0.0001,0.0509,0.1497,0.0001,0.1948,0.3219,1.072,2.0228,8.4293,1.0935,11.7558
117,0.0137,0.3468,0.6999,0.052,0.0014,0.2492,0,0.0513,0.1473,0.0001,0.144,0.3213,0.9753,2.0406,8.461,1.1019,11.8057
118,0.0137,0.2871,0.6886,0.0517,0.0015,0.284,0.0001,0.0516,0.1511,0.0002,0.1854,0.3193,1.0533,2.0476,8.4301,1.0944,11.7752
119,0.0137,0.293,0.6784,0.0509,0.0014,0.2342,0,0.044,0.1508,0.0002,0.1457,0.3296,0.9656,1.9556,8.4081,1.0962,11.6626
120,0.0129,0.2028,0.737,0.0502,0.0014,0.2807,0.0001,0.0441,0.144,0.0002,0.1851,0.3401,1.0554,2.0204,11.3045,1.1033,14.6286
121,0.0138,0.2433,0.7351,0.0573,0.0015,0.2425,0,0.0454,0.1525,0.0002,0.1472,0.3456,1.0018,1.9995,8.5158,1.1029,11.8213
122,0.0137,0.2844,0.6971,0.0567,0.0014,0.2915,0.0001,0.0529,0.153,0.0001,0.1947,0.3313,1.0908,2.0911,9.8076,1.8406,13.9419
123,0.0127,0.2813,0.6744,0.0523,0.0015,0.2837,0.0001,0.0445,0.1511,0.0002,0.1871,0.331,1.0601,2.0334,8.4514,1.0977,11.7875
124,0.0134,0.2859,0.6811,0.0528,0.0014,0.2873,0.0001,0.0517,0.1506,0.0001,0.1868,0.3328,1.0723,2.0594,8.4109,1.0954,11.7689
125,0.013,0.2699,0.702,0.0518,0.0015,0.2828,0.0001,0.0452,0.1493,0.0001,0.1905,0.3273,1.0582,2.0499,8.4123,1.1006,11.7649
126,0.0139,0.2891,0.6786,0.0565,0.0015,0.2394,0.0001,0.0512,0.1502,0.0001,0.1453,0.337,0.9901,1.9766,8.4383,1.099,11.7164
127,0.0133,0.306,0.6808,0.0518,0.0014,0.2388,0.0001,0.0509,0.1482,0.0002,0.1439,0.328,0.9721,1.9773,8.4344,1.0957,11.7093
128,0.013,0.1993,0.7054,0.075,0.0015,0.2292,0.0001,0.0509,0.1454,0.0002,0.1478,0.3615,1.0242,1.9487,15.1633,2.0402,19.36
129,0.0133,0.3047,0.7117,0.0546,0.0014,0.2458,0,0.047,0.1521,0.0002,0.1475,0.3422,1.0017,2.0372,9.2722,1.0934,12.6062
130,0.0138,0.3015,0.6981,0.0516,0.0014,0.2394,0.0001,0.0459,0.1502,0.0002,0.1443,0.3379,0.9798,1.9982,8.4165,1.1055,11.7226
131,0.0138,0.2762,0.6776,0.0525,0.0014,0.2415,0.0001,0.0522,0.1491,0.0001,0.1451,0.3395,0.9902,1.9628,8.4931,1.0939,11.7514
132,0.0137,0.3144,0.6942,0.0601,0.0014,0.2932,0.0001,0.0502,0.149,0.0001,0.1865,0.3361,1.0854,2.1125,8.4595,1.1076,11.8855
133,0.0137,0.2867,0.6838,0.0518,0.0014,0.2916,0,0.0428,0.1478,0.0001,0.1913,0.3347,1.0701,2.0593,9.9782,1.9821,14.2225
134,0.0139,0.289,0.7034,0.0546,0.0015,0.2376,0.0001,0.0515,0.1517,0.0002,0.1483,0.3428,0.9973,2.0482,11.599,1.9417,15.7908
135,0.0137,0.4048,0.6861,0.0533,0.0014,0.2341,0,0.0442,0.1491,0.0001,0.1483,0.3294,0.9686,2.078,8.6675,1.9219,12.8735
136,0.0128,0.138,0.7204,0.0517,0.0014,0.2702,0.0001,0.0423,0.1402,0.0002,0.1808,0.3615,1.0607,1.9386,15.2777,1.0922,18.5096
137,0.0136,0.3035,0.7169,0.0547,0.0014,0.2862,0.0001,0.0472,0.1506,0.0002,0.1929,0.3433,1.0859,2.125,11.01,1.1026,14.4398
138,0.0138,0.2898,0.7106,0.0535,0.0014,0.2419,0.0001,0.0496,0.1532,0.0002,0.1476,0.3422,0.9985,2.0176,10.86,1.0975,14.1786
139,0.0136,0.2797,0.7186,0.0522,0.0015,0.2904,0.0001,0.044,0.1482,0.0002,0.1878,0.3537,1.0894,2.1096,14.0433,1.0969,17.4518
140,0.0138,0.2381,0.7203,0.0538,0.0015,0.2328,0.0001,0.0521,0.1518,0.0002,0.1489,0.3328,0.983,1.9607,10.7911,1.0933,14.052
141,0.0137,0.2787,0.7035,0.0516,0.0014,0.2888,0,0.0452,0.1482,0.0001,0.1898,0.3451,1.0788,2.0796,10.8267,1.0983,14.2102
142,0.0137,0.3965,0.7003,0.051,0.0015,0.2378,0.0001,0.0491,0.1518,0.0001,0.1495,0.3337,0.9832,2.0985,10.8972,1.1002,14.2966
143,0.0137,0.3032,0.6955,0.0577,0.0014,0.2901,0,0.0438,0.147,0.0002,0.1862,0.3343,1.071,2.0886,11.0032,1.0938,14.3889
144,0.0134,0.1171,0.7597,0.0559,0.0039,0.2538,0.0001,0.0556,0.1515,0.0002,0.1368,0.3537,1.0313,1.9354,14.9788,2.0073,19.1225
145,0.0139,0.3102,0.7205,0.0547,0.0016,0.2379,0.0001,0.0514,0.1412,0.0002,0.1456,0.3395,0.9812,2.0313,10.397,1.1066,13.7367
146,0.0145,0.3282,0.7073,0.0502,0.0014,0.2357,0.0001,0.039,0.148,0.0002,0.1454,0.3382,0.9667,2.0217,13.4146,1.405,17.0469
147,0.0176,0.3052,0.7348,0.0533,0.0018,0.2575,0.0001,0.0552,0.1506,0.0002,0.1547,0.3618,1.0548,2.1239,8.5024,1.1076,11.944
148,0.0172,0.3252,0.7436,0.0617,0.002,0.3097,0.0001,0.0547,0.1504,0.0002,0.1814,0.3481,1.1276,2.2237,8.4715,1.107,12.009
149,0.017,0.2941,0.7081,0.0545,0.0034,0.2706,0.0001,0.0609,0.1529,0.0002,0.1501,0.3601,1.0733,2.102,9.1866,1.1045,12.5971
150,0.0172,0.2838,0.7552,0.0578,0.0038,0.2519,0.0001,0.0428,0.1526,0.0002,0.1522,0.3532,1.0347,2.1018,8.5059,1.1017,11.9162
151,0.0165,0.2942,0.7196,0.0573,0.0017,0.249,0.0001,0.0551,0.1538,0.0002,0.1489,0.3425,1.0291,2.069,8.4055,1.1367,11.8187
152,0.0172,0.207,0.7587,0.0566,0.0022,0.2531,0.0001,0.0501,0.1435,0.0002,0.145,0.3447,1.0181,2.0152,15.1894,1.1002,18.5115
153,0.0171,0.3025,0.7216,0.0548,0.0015,0.2428,0.0001,0.0435,0.1511,0.0001,0.1457,0.3392,0.9889,2.0404,8.431,1.095,11.7715
154,0.0175,0.2316,0.6868,0.0534,0.0014,0.2441,0,0.0492,0.1521,0.0002,0.1459,0.3231,0.9783,1.919,8.4146,1.0984,11.6344
155,0.0169,0.2839,0.6691,0.0508,0.0015,0.2315,0,0.0429,0.1478,0.0002,0.149,0.3236,0.9557,1.9305,8.3958,1.0944,11.6285
156,0.0165,0.2884,0.6984,0.0536,0.0052,0.2636,0.0001,0.0596,0.1513,0.0002,0.15,0.3828,1.0895,2.102,8.411,1.1003,11.8177
157,0.0155,0.3279,0.6957,0.0518,0.0015,0.2872,0.0001,0.0499,0.1484,0.0001,0.1926,0.3291,1.0723,2.1218,8.3631,1.0918,11.7787
158,0.0176,0.2752,0.7095,0.0561,0.0016,0.2414,0.0002,0.0527,0.1512,0.0002,0.1476,0.3305,0.9935,2.0047,8.6674,1.0967,11.9698
159,0.0169,0.2754,0.7158,0.0545,0.0016,0.2882,0.0001,0.0453,0.1485,0.0002,0.1909,0.3538,1.0959,2.112,8.4073,1.0965,11.8167
160,0.0174,0.1565,0.757,0.0542,0.0018,0.2409,0.0001,0.0485,0.1384,0.0002,0.1405,0.3515,0.9918,1.9339,10.7963,1.1092,14.0465
161,0.0182,0.2475,0.7356,0.0559,0.0031,0.2617,0.0001,0.0463,0.1535,0.0002,0.1492,0.3645,1.0481,2.0594,8.5046,1.0935,11.8672
162,0.0169,0.2791,0.7221,0.0516,0.0019,0.3102,0.0001,0.0463,0.1513,0.0001,0.1929,0.3541,1.1221,2.1488,8.583,1.1085,12.0525
163,0.0178,0.3111,0.7348,0.0564,0.002,0.2497,0,0.0551,0.1569,0.0001,0.1511,0.3567,1.0419,2.114,8.5273,1.0983,11.953
164,0.0191,0.2937,0.7069,0.0533,0.0016,0.2839,0.0001,0.0526,0.1489,0.0002,0.1891,0.3385,1.0795,2.1089,8.4472,1.1066,11.8748
165,0.0167,0.2333,0.6941,0.0536,0.0016,0.2458,0.0001,0.0529,0.1544,0.0001,0.1464,0.3406,1.0074,1.9595,8.4417,1.099,11.7018
166,0.0174,0.2905,0.705,0.0566,0.0015,0.2854,0.0001,0.0506,0.1493,0.0001,0.1874,0.3719,1.1167,2.1373,8.4582,1.0993,11.8968
167,0.017,0.2853,0.7356,0.0529,0.0045,0.2456,0.0001,0.0544,0.1568,0.0002,0.145,0.346,1.0359,2.0867,8.4772,1.0959,11.8635
168,0.0165,0.2037,0.7648,0.0578,0.0023,0.2471,0.0002,0.0543,0.154,0.0002,0.1346,0.364,1.0328,2.0318,14.2887,1.967,18.5031
169,0.0165,0.301,0.7366,0.061,0.0022,0.3064,0.0001,0.0454,0.1498,0.0003,0.1936,0.365,1.1422,2.2059,8.6842,1.0955,12.1937
170,0.0166,0.2829,0.7117,0.0582,0.0053,0.3129,0.0001,0.0554,0.1541,0.0001,0.1993,0.3336,1.1406,2.1613,8.4745,1.1027,11.9406
171,0.0167,0.2823,0.7216,0.0561,0.0018,0.2451,0.0001,0.0575,0.1539,0.0002,0.1519,0.3338,1.0207,2.0512,8.5508,1.1019,11.9094
172,0.0174,0.2922,0.7427,0.0545,0.0019,0.2909,0.0001,0.0554,0.1513,0.0002,0.1876,0.3338,1.0954,2.1598,8.4533,1.1054,11.9219
173,0.0176,0.3582,0.7135,0.0547,0.0036,0.2518,0.0002,0.0556,0.1529,0.0001,0.1449,0.3239,1.0072,2.106,8.4255,1.0984,11.8342
174,0.0165,0.3943,0.7365,0.0551,0.0036,0.3113,0.0001,0.0635,0.1493,0.0003,0.1901,0.3454,1.1422,2.3,8.5233,1.0978,12.1239
175,0.0172,0.2306,0.708,0.0526,0.0014,0.2359,0.0001,0.0509,0.1469,0.0001,0.1448,0.321,0.9631,1.927,8.4298,1.0977,11.6567
176,0.0169,0.2,0.7375,0.0548,0.0014,0.2226,0.0001,0.0443,0.1405,0.0002,0.1378,0.3337,0.9448,1.9071,15.3642,1.8936,19.3743
177,0.0163,0.3816,0.7574,0.0574,0.0022,0.2944,0.0001,0.0513,0.1572,0.0001,0.1956,0.3424,1.115,2.2799,8.518,1.1297,12.1429
178,0.0177,0.2999,0.7504,0.0609,0.0038,0.2656,0.0001,0.0698,0.1727,0.0003,0.1613,0.3819,1.141,2.2222,8.6765,1.1014,12.2091
179,0.0161,0.4401,0.7254,0.0541,0.0041,0.2615,0.0001,0.048,0.1516,0.0003,0.1471,0.3404,1.0263,2.2184,8.4412,1.0962,11.9593
180,0.0178,0.3012,0.7168,0.058,0.0034,0.255,0.0001,0.0569,0.1531,0.0002,0.1496,0.3418,1.0397,2.0842,8.4098,1.1008,11.7986
181,0.0165,0.293,0.7198,0.0544,0.0033,0.2562,0.0002,0.0539,0.1509,0.0001,0.1373,0.358,1.0315,2.0734,8.4016,1.0978,11.7765
182,0.0167,0.2869,0.726,0.0531,0.0031,0.2931,0.0001,0.059,0.1478,0.0003,0.1999,0.3484,1.1242,2.1642,8.44,1.1037,11.912
183,0.0157,0.2926,0.7199,0.057,0.0041,0.2618,0.0001,0.0548,0.1568,0.0002,0.1482,0.3775,1.0817,2.1187,8.4618,1.1107,11.9
184,0.0214,0.2042,0.7347,0.0569,0.0023,0.2423,0.0001,0.0611,0.1419,0.0002,0.1482,0.3502,1.0233,1.9963,13.4801,1.6561,17.3599
185,0.0159,0.3632,0.7416,0.0566,0.0021,0.2522,0.0001,0.0477,0.1567,0.0002,0.1477,0.3626,1.0454,2.1784,9.2236,1.0944,12.7091
186,0.017,0.2898,0.7247,0.0533,0.0019,0.2514,0.0001,0.0457,0.1487,0.0002,0.1512,0.3387,1.0098,2.0512,8.4471,1.1083,11.8098
187,0.0173,0.2958,0.7316,0.0593,0.0031,0.2506,0.0001,0.0541,0.1518,0.0001,0.1496,0.3285,1.0155,2.0726,8.3989,1.092,11.7666
188,0.0169,0.2765,0.7357,0.0575,0.002,0.2545,0.0001,0.0475,0.1508,0.0002,0.1493,0.346,1.0274,2.0673,8.4213,1.0978,11.7894
189,0.0175,0.2918,0.7082,0.0568,0.0036,0.2559,0.0001,0.0546,0.1551,0.0002,0.1482,0.3579,1.0497,2.0777,8.4559,1.1032,11.8413
190,0.017,0.2472,0.7555,0.0563,0.0021,0.3139,0.0001,0.0537,0.1526,0.0002,0.1919,0.3615,1.1551,2.1849,8.3959,1.0921,11.8812
191,0.0167,0.4375,0.6984,0.0519,0.0017,0.2396,0.0001,0.0509,0.1475,0.0002,0.1474,0.3405,0.9917,2.1541,8.4435,1.1059,11.9052
192,0.0169,0.1988,0.7443,0.0567,0.0019,0.2877,0.0001,0.0458,0.1436,0.0002,0.1848,0.3512,1.086,2.0564,15.4099,1.9615,19.6394
193,0.0177,0.3828,0.7427,0.0565,0.0016,0.2538,0.0001,0.0477,0.1462,0.0001,0.1485,0.3496,1.0163,2.1722,8.4357,1.0981,11.917
194,0.017,0.3198,0.695,0.0548,0.0015,0.2427,0,0.0501,0.1484,0.0001,0.1446,0.322,0.9737,2.013,8.4489,1.1088,11.7723
195,0.0178,0.3771,0.7015,0.0543,0.0016,0.2388,0.0001,0.0504,0.1531,0.0002,0.1458,0.3407,0.9955,2.1019,8.4065,1.0921,11.8047
196,0.0166,0.2861,0.6936,0.0528,0.0016,0.2409,0.0001,0.0506,0.1473,0.0001,0.1468,0.3527,1.0075,2.0124,8.4111,1.0967,11.7218
197,0.0169,0.3296,0.7554,0.0539,0.002,0.2472,0.0001,0.0535,0.1545,0.0002,0.1547,0.3547,1.0394,2.1539,8.4218,1.094,11.8721
198,0.0174,0.2715,0.7247,0.0571,0.0045,0.2523,0.0001,0.0549,0.1504,0.0002,0.1476,0.3394,1.0243,2.0481,8.4677,1.102,11.8223
199,0.0167,0.3034,0.7353,0.0552,0.0029,0.2533,0.0001,0.0605,0.1564,0.0003,0.1414,0.3384,1.029,2.0959,8.4265,1.0968,11.8223
200,0.0175,0.2055,0.7435,0.0616,0.0024,0.2497,0.0002,0.0506,0.1427,0.0002,0.1469,0.356,1.05,2.0261,15.344,1.0962,18.6772
201,0.0176,0.2981,0.7651,0.057,0.0023,0.2587,0.0001,0.0468,0.1507,0.0001,0.1473,0.3523,1.0315,2.1252,8.4426,1.0959,11.875
202,0.0168,0.2935,0.7308,0.0604,0.0021,0.2509,0.0001,0.0511,0.1564,0.0003,0.1518,0.3351,1.0269,2.0789,8.442,1.0963,11.821
203,0.0163,0.283,0.7024,0.0541,0.0024,0.2602,0.0001,0.0533,0.1531,0.0002,0.1387,0.3245,1.0049,2.0173,8.3972,1.0968,11.7142
204,0.0174,0.281,0.7462,0.055,0.0018,0.2565,0.0001,0.0571,0.1543,0.0002,0.1477,0.3433,1.0351,2.0887,8.4081,1.097,11.7994
205,0.0165,0.2439,0.7176,0.053,0.0021,0.2532,0.0001,0.0475,0.1514,0.0002,0.1534,0.334,1.0143,2.0023,8.445,1.0984,11.7482
206,0.0164,0.277,0.7213,0.0683,0.0042,0.3153,0.0001,0.0522,0.1531,0.0002,0.2031,0.3567,1.1745,2.1975,8.3976,1.0944,11.8931
207,0.0166,0.2729,0.7135,0.0497,0.0037,0.2651,0.0001,0.0555,0.1522,0.0003,0.1383,0.341,1.0259,2.0393,8.5318,1.0998,11.8779
208,0.0214,0.1088,0.7513,0.056,0.0038,0.2455,0.0001,0.0507,0.1486,0.0002,0.1395,0.343,1.0064,1.9011,12.2438,1.0984,15.4731
209,0.0169,0.2957,0.7557,0.0555,0.004,0.2989,0.0001,0.0549,0.1539,0.0003,0.2037,0.3368,1.1302,2.2109,8.3979,1.1008,11.9208
210,0.0168,0.318,0.7458,0.0526,0.002,0.3173,0.0002,0.0477,0.1487,0.0001,0.1924,0.3547,1.1342,2.2244,8.5726,1.096,12.1001
211,0.0179,0.2884,0.7356,0.0514,0.0016,0.2402,0.0001,0.0538,0.1477,0.0002,0.1464,0.3682,1.0218,2.0725,8.4525,1.1023,11.8329
212,0.0174,0.3649,0.7106,0.0521,0.0045,0.301,0.0001,0.0531,0.1496,0.0003,0.2064,0.3465,1.1356,2.2418,8.4391,1.0929,11.978
213,0.0165,0.2389,0.7264,0.0517,0.0022,0.3024,0.0002,0.0552,0.151,0.0002,0.1996,0.3445,1.1286,2.1195,8.4861,1.0982,11.9105
214,0.0163,0.2901,0.7089,0.054,0.0015,0.2933,0.0001,0.0514,0.1511,0.0001,0.1904,0.3308,1.0819,2.1027,8.4557,1.0994,11.86
215,0.0168,0.2846,0.673,0.051,0.0014,0.2428,0,0.0525,0.1513,0.0001,0.1451,0.33,0.9846,1.9642,8.4192,1.1023,11.6882
216,0.0149,0.202,0.7332,0.0557,0.0015,0.245,0.0001,0.0519,0.151,0.0003,0.1452,0.3469,1.0182,1.9748,14.2833,1.7572,18.2273
217,0.0169,0.2525,0.7534,0.0576,0.003,0.3053,0.0002,0.0455,0.1559,0.0003,0.199,0.3587,1.1472,2.1795,9.267,1.0868,12.7451
218,0.017,0.2873,0.7275,0.0557,0.0029,0.2546,0.0001,0.0503,0.1488,0.0003,0.1499,0.3462,1.0281,2.0703,8.4151,1.1067,11.8003
219,0.0219,0.2861,0.7293,0.0524,0.0016,0.2416,0.0001,0.0541,0.1536,0.0001,0.1483,0.3398,1.0054,2.0524,8.5311,1.1967,11.9907
220,0.0165,0.3754,0.7272,0.0543,0.002,0.3033,0.0001,0.0487,0.1573,0.0002,0.1906,0.3421,1.1189,2.2467,8.4215,1.098,11.9697
221,0.0167,0.2918,0.7381,0.0573,0.002,0.2547,0.0001,0.0529,0.1549,0.0002,0.15,0.3388,1.0321,2.0863,8.4451,1.7986,12.5394
222,0.0182,0.3014,0.7443,0.0573,0.0023,0.2498,0.0002,0.0492,0.1552,0.0002,0.1528,0.3609,1.0501,2.126,8.5539,1.1176,12.009
223,0.0141,0.3587,0.7582,0.0595,0.0039,0.3059,0.0001,0.0533,0.152,0.0002,0.1981,0.3664,1.1568,2.2987,8.5175,1.1125,12.1395
224,0.0171,0.1188,0.7516,0.0586,0.0021,0.2936,0.0001,0.0469,0.1546,0.0002,0.1747,0.359,1.1095,2.0109,11.9603,1.1093,15.2903
225,0.0168,0.2544,0.7419,0.0549,0.0037,0.25,0.0001,0.0486,0.1524,0.0002,0.1516,0.3605,1.035,2.0592,8.4657,1.105,11.8395
226,0.0135,0.2889,0.7118,0.0527,0.0015,0.2912,0.0001,0.0489,0.1496,0.0002,0.1921,0.3433,1.0917,2.1135,8.3911,1.1025,11.8092
227,0.0138,0.3449,0.7083,0.0533,0.0016,0.239,0.0001,0.0429,0.15,0.0002,0.1425,0.3263,0.9651,2.0384,8.4505,1.096,11.7873
228,0.0144,0.2802,0.6904,0.0516,0.0013,0.2313,0,0.0505,0.1522,0.0001,0.1445,0.3206,0.9611,1.9518,8.4297,1.1024,11.6875
229,0.0138,0.3371,0.6882,0.0516,0.0014,0.289,0,0.051,0.1477,0.0001,0.1942,0.33,1.0737,2.1176,8.439,1.1048,11.8679
230,0.0175,0.2742,0.6906,0.0582,0.0014,0.243,0,0.0513,0.1506,0.0001,0.1443,0.3303,0.9881,1.9751,8.4072,1.0961,11.6817
231,0.0137,0.2222,0.6858,0.0511,0.0016,0.2763,0.0001,0.0441,0.1498,0.0002,0.1881,0.3434,1.0641,1.9924,8.3615,1.091,11.6486
232,0.0135,0.2044,0.7557,0.0574,0.0024,0.2535,0.0001,0.0462,0.1436,0.0001,0.1402,0.3569,1.0158,1.998,13.7027,1.1083,17.0138
233,0.0146,0.3769,0.7542,0.0602,0.0023,0.2594,0.0001,0.0483,0.1557,0.0001,0.1507,0.3462,1.0418,2.2005,8.4528,1.1038,11.9726
234,0.0189,0.2911,0.7455,0.0575,0.0043,0.2576,0.0001,0.0555,0.1551,0.0001,0.15,0.355,1.0537,2.1208,9.9609,1.097,13.3913
235,0.0177,0.292,0.7424,0.0551,0.0031,0.2906,0.0001,0.045,0.1473,0.0001,0.1876,0.3534,1.0962,2.1553,8.4124,1.0967,11.868
236,0.0182,0.2273,0.6956,0.0534,0.0026,0.2447,0.0001,0.0533,0.152,0.0001,0.1472,0.3323,0.9964,1.9449,8.4904,1.103,11.7442
237,0.0168,0.2877,0.7242,0.0593,0.0036,0.3173,0.0001,0.0551,0.1541,0.0002,0.2023,0.3564,1.1714,2.212,8.4757,1.1057,12.002
238,0.0168,0.3002,0.7379,0.0524,0.0034,0.3048,0.0001,0.0551,0.1515,0.0002,0.1919,0.3448,1.1236,2.1886,8.3735,1.0937,11.8613
239,0.0168,0.2833,0.7323,0.0603,0.003,0.25,0.0001,0.0572,0.1525,0.0002,0.1489,0.3455,1.0373,2.0795,8.3237,1.0913,11.6985
240,0.0214,0.2048,0.7486,0.0631,0.0031,0.2939,0.0001,0.0536,0.1504,0.0002,0.1859,0.3548,1.1304,2.1151,10.695,1.0976,14.1447
241,0.0169,0.3039,0.7481,0.0501,0.0039,0.2605,0.0001,0.0442,0.1544,0.0002,0.1429,0.3599,1.034,2.1154,8.421,1.098,11.847
242,0.0183,0.2949,0.7356,0.0562,0.0025,0.2613,0.0001,0.0593,0.1523,0.0002,0.1487,0.3408,1.0406,2.0982,8.4181,1.0942,11.8228
243,0.018,0.2879,0.739,0.0527,0.0018,0.3095,0.0001,0.0492,0.1515,0.0002,0.2031,0.3369,1.1219,2.1785,12.5207,1.092,16.0006
244,0.0169,0.2844,0.744,0.054,0.0034,0.2513,0.0001,0.0502,0.1598,0.0002,0.1495,0.3391,1.0286,2.0865,10.4485,1.0907,13.829
245,0.0138,0.2845,0.7361,0.0549,0.0035,0.2519,0.0001,0.0496,0.151,0.0002,0.1455,0.3438,1.0174,2.0619,10.9574,1.102,14.3279
246,0.0174,0.2988,0.7413,0.0612,0.0046,0.2635,0.0002,0.0512,0.1523,0.0002,0.1487,0.3297,1.0286,2.0975,10.8785,1.0988,14.2843
247,0.0169,0.4662,0.7501,0.054,0.0041,0.301,0.0001,0.0527,0.1508,0.0002,0.1894,0.3602,1.1305,2.3749,10.311,1.1007,13.9932
248,0.0171,0.1168,0.734,0.0582,0.0019,0.2961,0.0001,0.0517,0.143,0.0001,0.182,0.3504,1.1022,1.9839,14.9166,1.8456,18.966
249,0.0174,0.3095,0.7486,0.0574,0.0019,0.254,0.0001,0.0486,0.1605,0.0002,0.1482,0.3533,1.0428,2.1291,10.4259,1.0894,13.8614
250,0.0179,0.2898,0.7404,0.0585,0.0022,0.252,0.0001,0.0528,0.159,0.0002,0.153,0.336,1.0331,2.0923,10.6952,1.1265,14.1251
251,0.0165,0.3004,0.744,0.0565,0.0035,0.2976,0.0001,0.0536,0.1554,0.0001,0.1896,0.3382,1.1114,2.1842,8.8949,1.79,13.0757
252,0.0172,0.3003,0.735,0.0608,0.0076,0.2666,0.0001,0.0559,0.1776,0.0001,0.171,0.3838,1.1422,2.2019,8.8895,1.1117,12.4062
253,0.0178,0.2992,0.6917,0.0511,0.0015,0.2298,0,0.0499,0.1519,0.0001,0.1439,0.3456,0.9829,1.9966,9.5822,1.092,12.8781
254,0.0177,0.4588,0.7326,0.0602,0.0023,0.303,0.0001,0.0489,0.152,0.0002,0.193,0.3611,1.1419,2.3633,9.593,1.1017,13.2627
255,0.017,0.2343,0.7559,0.0559,0.0016,0.2963,0.0001,0.0451,0.1568,0.0002,0.1883,0.341,1.0967,2.1139,10.052,1.0923,13.4658
256,0.0171,0.1996,0.732,0.0487,0.0017,0.2284,0.0001,0.0445,0.1387,0.0003,0.1399,0.3571,0.9784,1.9382,14.1663,1.8905,18.2098
257,0.0163,0.3092,0.7706,0.0623,0.0018,0.2609,0.0001,0.0509,0.1592,0.0002,0.1538,0.3412,1.051,2.1566,10.8962,1.096,14.3598
258,0.0161,0.2946,0.7321,0.0532,0.0034,0.2928,0.0002,0.0469,0.1503,0.0002,0.19,0.3458,1.1025,2.157,8.6826,1.7813,12.827
259,0.0167,0.315,0.7048,0.0567,0.0016,0.2424,0.0001,0.0479,0.1663,0.0002,0.1557,0.3598,1.0482,2.0952,8.4718,1.103,11.8769
260,0.0177,0.3412,0.7264,0.0541,0.0016,0.2848,0.0001,0.0495,0.1516,0.0002,0.1875,0.3342,1.0766,2.1731,9.0641,1.0961,12.5457
261,0.0169,0.3156,0.7309,0.0519,0.0036,0.2556,0.0002,0.0543,0.1578,0.0003,0.1545,0.3549,1.0491,2.1196,9.7144,1.0996,13.1391
262,0.0168,0.2847,0.7385,0.053,0.0034,0.3074,0.0002,0.0475,0.1515,0.0001,0.1921,0.34,1.1181,2.168,8.8446,1.0964,12.3132
263,0.0173,0.3006,0.7373,0.061,0.0045,0.2489,0.0001,0.0538,0.1604,0.0002,0.1461,0.3464,1.0422,2.1084,9.6082,1.0907,13.0112
264,0.0194,0.1999,0.7552,0.0594,0.0024,0.2937,0.0001,0.0487,0.1394,0.0002,0.1882,0.3376,1.0924,2.0784,10.5169,1.0976,13.9261
265,0.0178,0.2987,0.8116,0.056,0.0049,0.2583,0.0001,0.0449,0.1581,0.0002,0.1489,0.3589,1.0498,2.1882,14.1277,1.8272,18.3591
266,0.0176,0.2973,0.7264,0.0583,0.0043,0.3023,0.0001,0.0458,0.1552,0.0002,0.1932,0.3408,1.1166,2.1648,12.7469,1.0754,16.1932
267,0.0173,0.2911,0.6993,0.0542,0.0039,0.259,0.0001,0.0456,0.155,0.0001,0.148,0.3431,1.064,2.0864,8.4218,1.0955,11.8062
268,0.0167,0.2875,0.7707,0.0549,0.0033,0.3121,0.0001,0.0551,0.1529,0.0002,0.1932,0.3198,1.1058,2.1892,8.3806,1.0887,11.8615
269,0.0174,0.2207,0.6878,0.0582,0.0015,0.2803,0.0001,0.0496,0.1498,0.0001,0.1875,0.3452,1.0844,2.0165,10.9505,1.0952,14.2656
270,0.0164,0.3164,0.7256,0.0543,0.0016,0.2423,0.0001,0.0532,0.1535,0.0002,0.1469,0.3304,0.9929,2.0627,8.8584,1.0901,12.216
271,0.0168,0.2903,0.7204,0.0524,0.0016,0.2454,0.0001,0.0549,0.1551,0.0002,0.1467,0.3412,1.0075,2.0427,9.6073,1.0793,12.9318
272,0.0166,0.2709,0.7419,0.0511,0.0026,0.2899,0.0001,0.0472,0.1409,0.0002,0.1965,0.3494,1.0941,2.1339,13.9259,1.101,17.3754
273,0.019,0.3071,0.7506,0.0646,0.0021,0.2567,0.0001,0.0462,0.1573,0.0002,0.1486,0.362,1.0583,2.1477,8.4374,1.1022,11.9029
274,0.0183,0.2926,0.7305,0.0559,0.0029,0.2516,0.0001,0.0541,0.1577,0.0002,0.1434,0.3612,1.0483,2.0997,9.5802,1.1055,13.0018
275,0.0169,0.2907,0.7843,0.0569,0.0017,0.233,0.0001,0.0452,0.152,0.0001,0.1472,0.3456,0.997,2.0986,8.4441,1.0937,11.8419
276,0.0177,0.2779,0.7155,0.0538,0.0016,0.291,0.0001,0.0433,0.1552,0.0001,0.1909,0.3402,1.0897,2.1084,8.3668,1.0971,11.7791
277,0.0163,0.3353,0.7301,0.0572,0.002,0.2554,0.0001,0.0584,0.1561,0.0002,0.1476,0.3433,1.0426,2.1351,8.3828,1.0939,11.8191
278,0.0162,0.2867,0.6816,0.0539,0.0014,0.2408,0.0001,0.0517,0.1504,0.0002,0.1432,0.3337,0.9884,1.9801,8.4134,1.0926,11.6917
279,0.0167,0.3335,0.7016,0.055,0.0016,0.2389,0.0001,0.0459,0.1537,0.0001,0.1461,0.3414,0.9945,2.0544,8.4324,1.0899,11.78
280,0.0164,0.1055,0.7255,0.0678,0.0023,0.2437,0.0001,0.0459,0.1524,0.0002,0.1299,0.3435,1.0028,1.8636,14.7757,1.8525,18.7033
281,0.0167,0.3009,0.7426,0.0608,0.0016,0.2509,0.0001,0.0483,0.1562,0.0002,0.148,0.346,1.0263,2.0933,8.3281,1.0904,11.7205
282,0.0176,0.3087,0.7136,0.0548,0.0017,0.2517,0,0.0532,0.1498,0.0001,0.1478,0.3403,1.0105,2.0592,8.3377,1.0794,11.6824
283,0.017,0.2862,0.67,0.0553,0.0015,0.2423,0.0001,0.0513,0.1494,0.0001,0.1464,0.3424,0.9999,1.9797,8.4088,1.8107,12.4033
284,0.0169,0.234,0.7219,0.06,0.0014,0.2338,0.0001,0.0502,0.1505,0.0001,0.1445,0.3593,1.0104,1.991,8.3617,1.0941,11.6496
285,0.0166,0.2272,0.6933,0.0503,0.0014,0.2843,0.0001,0.0502,0.1491,0.0001,0.1867,0.3198,1.0506,1.9946,8.443,1.092,11.7334
286,0.017,0.3011,0.7209,0.0519,0.0016,0.2432,0.0002,0.0517,0.1498,0.0002,0.1469,0.3285,0.985,2.0333,8.4208,1.0965,11.7554
287,0.017,0.2892,0.6993,0.055,0.0016,0.241,0.0001,0.0521,0.1537,0.0001,0.1444,0.3483,1.0087,2.0221,8.3508,1.0921,11.6688
288,0.0164,0.1984,0.7574,0.0589,0.0034,0.2411,0.0001,0.051,0.1489,0.0001,0.1384,0.3473,1.0054,1.9875,13.7799,1.216,17.1865
289,0.017,0.3524,0.758,0.0598,0.0019,0.2479,0.0002,0.0478,0.1474,0.0003,0.1502,0.3494,1.0241,2.1646,8.3693,1.0915,11.8304
290,0.0169,0.2907,0.7139,0.0489,0.0016,0.2426,0.0001,0.0519,0.1498,0.0001,0.1476,0.3483,1.0036,2.0369,8.3333,1.0701,11.6493
291,0.0163,0.3716,0.6855,0.0529,0.0015,0.2327,0.0001,0.052,0.1507,0.0002,0.1442,0.3303,0.975,2.0538,8.3984,1.1024,11.7618
292,0.0171,0.2908,0.7314,0.0521,0.0014,0.287,0.0001,0.0429,0.1479,0.0001,0.1889,0.3231,1.0527,2.1003,8.3147,1.0772,11.6955
293,0.0166,0.2706,0.7178,0.0551,0.0021,0.2674,0.0001,0.0557,0.1557,0.0002,0.1458,0.346,1.049,2.0629,8.5661,1.1199,11.9561
294,0.0179,0.2831,0.7442,0.0571,0.0029,0.3025,0.0001,0.0539,0.1554,0.0002,0.191,0.3547,1.1389,2.1957,8.9641,1.0844,12.4548
295,0.0187,0.2943,0.7221,0.0548,0.0016,0.2471,0.0001,0.0559,0.1541,0.0001,0.151,0.3449,1.0237,2.0712,8.4592,1.1008,11.837
296,0.0162,0.1065,0.7436,0.0535,0.0017,0.2779,0.0001,0.0483,0.1443,0.0002,0.1972,0.3357,1.0751,1.9477,14.4074,1.8543,18.4138
297,0.0163,0.3083,0.7531,0.0573,0.0019,0.2594,0,0.0483,0.1597,0.0002,0.1513,0.3457,1.0381,2.1243,9.3285,1.0992,12.7638
298,0.0161,0.2945,0.7346,0.0575,0.0031,0.2519,0.0001,0.0476,0.1526,0.0002,0.1439,0.353,1.0307,2.0866,8.3897,1.0914,11.7766
299,0.0169,0.2399,0.7314,0.0581,0.0021,0.2568,0.0002,0.0547,0.1528,0.0002,0.1485,0.347,1.0391,2.0381,8.3596,1.089,11.6949
300,0.0177,0.3508,0.7197,0.0537,0.0036,0.2534,0.0001,0.0616,0.1574,0.0002,0.1563,0.3508,1.0749,2.1747,8.3347,1.0885,11.805
301,0.0172,0.3025,0.7019,0.0527,0.0015,0.2921,0.0001,0.0502,0.1492,0.0001,0.1868,0.3401,1.0846,2.1174,8.2651,1.0759,11.6625
302,0.0169,0.2807,0.6943,0.0526,0.0013,0.2407,0,0.0517,0.1495,0.0002,0.145,0.3199,0.9697,1.9689,8.3103,1.0917,11.5751
303,0.0172,0.3485,0.7124,0.0537,0.0031,0.2604,0.0001,0.0556,0.1489,0.0003,0.1533,0.3422,1.0402,2.1301,8.2514,1.0643,11.6529
304,0.0165,0.2107,0.7707,0.0585,0.0023,0.2485,0.0001,0.0567,0.1459,0.0002,0.1404,0.3543,1.0286,2.0385,13.1446,1.7223,17.1201
305,0.0156,0.3705,0.7487,0.059,0.0021,0.3022,0.0001,0.0508,0.1585,0.0002,0.2026,0.3372,1.1308,2.2788,8.5964,1.0756,12.1654
306,0.0174,0.2848,0.7389,0.0613,0.0026,0.2544,0.0001,0.0561,0.1607,0.0003,0.1468,0.3421,1.0446,2.0959,8.3473,1.0825,11.7304
307,0.0174,0.2876,0.7437,0.058,0.0021,0.2456,0.0001,0.0567,0.1571,0.0002,0.1477,0.3432,1.0275,2.085,8.3589,1.0904,11.7394
308,0.0167,0.2957,0.7225,0.057,0.0037,0.2452,0.0002,0.0469,0.1584,0.0002,0.1518,0.3441,1.0284,2.0729,8.3564,1.0989,11.733
309,0.0159,0.3245,0.7094,0.0565,0.0037,0.3054,0.0001,0.0562,0.149,0.0003,0.1939,0.3353,1.1201,2.1794,8.2843,1.0783,11.7467
310,0.0168,0.3436,0.734,0.0571,0.0017,0.3227,0.0001,0.0484,0.1637,0.0003,0.1981,0.3453,1.1616,2.2666,8.2202,1.0657,11.7572
311,0.0164,0.2803,0.7003,0.0562,0.0034,0.2549,0.0001,0.0527,0.1549,0.0002,0.1469,0.3288,1.0167,2.0236,8.3524,1.0661,11.6511
312,0.0221,0.2047,0.7927,0.0598,0.0031,0.2489,0.0001,0.0481,0.1468,0.0002,0.1371,0.3463,1.0105,2.0438,12.9661,1.7573,17.001
313,0.0198,0.3425,0.743,0.0541,0.0027,0.3079,0.0001,0.0459,0.1584,0.0002,0.2019,0.3469,1.1388,2.2546,9.1373,1.0932,12.7023
314,0.0177,0.2866,0.7112,0.0545,0.0037,0.2955,0.0001,0.048,0.1521,0.0003,0.1969,0.352,1.1233,2.1487,8.2835,1.0753,11.7109
315,0.0171,0.2924,0.7195,0.0546,0.0043,0.2578,0.0001,0.0552,0.1534,0.0002,0.1457,0.3286,1.0187,2.0567,8.3338,1.0832,11.68
316,0.0171,0.3021,0.7425,0.0594,0.0039,0.2543,0.0001,0.0581,0.1565,0.0002,0.1482,0.3451,1.0475,2.1213,8.3351,1.0868,11.7479
317,0.0215,0.2993,0.706,0.0542,0.0016,0.2449,0.0002,0.0502,0.1507,0.0002,0.145,0.331,0.9902,2.0294,8.2614,1.0745,11.5681
318,0.0167,0.2902,0.69,0.0534,0.0015,0.2885,0,0.0513,0.1498,0.0002,0.1881,0.3341,1.0801,2.0849,8.2495,1.0961,11.6341
319,0.0169,0.2937,0.7215,0.0573,0.0015,0.2428,0.0001,0.0447,0.1497,0.0002,0.1499,0.3705,1.0306,2.0703,8.3806,1.09,11.7466
320,0.0156,0.2039,0.7677,0.0605,0.0022,0.3089,0.0002,0.049,0.1456,0.0003,0.1851,0.36,1.1337,2.1311,11.3959,1.1093,14.8441
321,0.0174,0.249,0.7172,0.0542,0.0015,0.2373,0.0001,0.0509,0.1541,0.0002,0.1449,0.3548,1.0087,1.9998,9.2507,1.0732,12.5347
322,0.0141,0.2902,0.7443,0.0527,0.0015,0.293,0.0001,0.0496,0.1488,0.0002,0.1891,0.34,1.0856,2.1414,8.3592,1.0874,11.7909
323,0.016,0.2769,0.7122,0.0517,0.0018,0.2887,0.0001,0.0459,0.1517,0.0001,0.1877,0.3308,1.071,2.0843,8.9841,1.079,12.3513
324,0.0175,0.2821,0.6907,0.0453,0.0016,0.2376,0,0.0514,0.1447,0.0001,0.1422,0.3468,0.9817,1.9794,8.358,1.0856,11.6278
325,0.0175,0.3697,0.7441,0.061,0.0033,0.2577,0.0001,0.0544,0.1514,0.0002,0.145,0.3399,1.0355,2.1766,8.396,1.1147,11.8982
326,0.0196,0.3749,0.7731,0.0583,0.004,0.2721,0.0001,0.053,0.1609,0.0002,0.1562,0.3781,1.1117,2.295,8.299,1.0786,11.8822
327,0.0171,0.3373,0.7351,0.0549,0.0021,0.2477,0.0001,0.0474,0.1507,0.0002,0.1474,0.3564,1.0248,2.1248,8.3194,1.0908,11.7434
328,0.0172,0.2177,0.7915,0.0571,0.0036,0.2453,0.0001,0.0525,0.1423,0.0003,0.1431,0.357,1.0212,2.0616,10.6527,1.0846,14.0056
329,0.0172,0.2509,0.7573,0.0581,0.0021,0.2538,0.0001,0.0543,0.152,0.0003,0.1478,0.3567,1.0426,2.0777,12.0196,1.0697,15.3763
330,0.0161,0.3434,0.7232,0.054,0.0017,0.2551,0.0001,0.0485,0.1595,0.0002,0.1479,0.348,1.0356,2.1293,8.2921,1.0785,11.7047
331,0.0176,0.2954,0.7274,0.0548,0.0018,0.2599,0.0001,0.0531,0.1537,0.0002,0.1495,0.3322,1.0244,2.0759,8.2974,1.0846,11.662
332,0.0175,0.2899,0.7422,0.0533,0.0038,0.2518,0.0001,0.0596,0.157,0.0002,0.1485,0.3255,1.0208,2.0816,8.2621,1.084,11.633
333,0.0173,0.2908,0.7328,0.0556,0.0022,0.2473,0.0002,0.0562,0.1513,0.0002,0.1475,0.323,1.0151,2.0658,8.4331,1.0888,11.7924
334,0.0181,0.2948,0.7356,0.0497,0.0019,0.258,0.0001,0.0568,0.1565,0.0002,0.148,0.3548,1.0476,2.1085,8.2863,1.1059,11.7118
335,0.0173,0.2947,0.7269,0.0543,0.0025,0.2526,0.0001,0.0443,0.1529,0.0002,0.145,0.3442,1.0146,2.0634,8.2782,1.0926,11.6387
336,0.0204,0.2304,0.7345,0.0559,0.0021,0.2375,0.0001,0.0539,0.1435,0.0002,0.1635,0.3487,1.0256,2.0246,10.1295,1.0579,13.4457
337,0.0176,0.2533,0.7869,0.0574,0.002,0.2579,0.0001,0.0496,0.153,0.0002,0.1498,0.3489,1.0402,2.1111,9.6519,1.0804,13.056
338,0.0171,0.3035,0.7303,0.0578,0.0031,0.2532,0.0001,0.0475,0.1563,0.0002,0.1461,0.3568,1.041,2.1034,8.2983,1.0843,11.6898
339,0.0174,0.2779,0.718,0.0542,0.0032,0.2504,0.0001,0.0526,0.158,0.0002,0.1485,0.3448,1.0319,2.0547,8.2995,1.0883,11.648
340,0.0176,0.2943,0.7322,0.0517,0.0016,0.2395,0.0001,0.0506,0.1534,0.0002,0.1433,0.3223,0.9731,2.0292,8.2855,1.0656,11.585
341,0.0174,0.2367,0.704,0.0539,0.0016,0.2381,0,0.0512,0.1505,0.0002,0.1439,0.3279,0.9763,1.9433,8.2134,1.0614,11.4248
342,0.0166,0.2938,0.6728,0.0516,0.0014,0.2357,0,0.0508,0.1522,0.0001,0.1454,0.3313,0.9772,1.9655,8.2998,1.0933,11.5624
343,0.0163,0.2724,0.7048,0.0514,0.0017,0.2465,0.0001,0.0526,0.1488,0.0003,0.1534,0.3462,1.0216,2.0239,8.2418,1.0717,11.5432
344,0.0215,0.2126,0.775,0.0594,0.0043,0.2608,0.0001,0.0499,0.1625,0.0002,0.136,0.3429,1.0391,2.061,13.0978,1.6068,16.9981
345,0.0161,0.3244,0.756,0.058,0.002,0.2601,0.0002,0.0507,0.1569,0.0002,0.1503,0.3475,1.0469,2.1534,9.0398,1.0741,12.4825
346,0.0166,0.2824,0.7054,0.0537,0.0015,0.286,0,0.0504,0.1449,0.0001,0.187,0.3249,1.0581,2.0716,8.2949,1.0844,11.6547
347,0.0174,0.2749,0.7058,0.0569,0.0015,0.2374,0.0001,0.0505,0.1529,0.0002,0.1435,0.3201,0.9719,1.9754,8.3266,1.0805,11.5908
348,0.0166,0.3013,0.6986,0.0533,0.0015,0.2478,0.0001,0.0519,0.154,0.0002,0.147,0.3366,1.0048,2.0294,8.3749,1.085,11.6977
349,0.0165,0.2831,0.7181,0.0549,0.0039,0.2547,0.0001,0.0563,0.1513,0.0003,0.1532,0.3601,1.0588,2.0853,8.2045,1.0673,11.5658
350,0.0169,0.2748,0.7359,0.0545,0.002,0.2968,0.0001,0.0561,0.1528,0.0003,0.1986,0.328,1.108,2.147,8.2751,1.0859,11.7129
351,0.0175,0.3707,0.7255,0.0593,0.0019,0.2518,0.0001,0.0552,0.1562,0.0002,0.1452,0.3255,1.0167,2.1403,8.2448,1.0753,11.6655
352,0.0183,0.212,0.7607,0.0585,0.0027,0.2431,0.0001,0.0525,0.1475,0.0001,0.1496,0.3488,1.0248,2.03,14.2609,1.8522,18.3647
353,0.0173,0.3065,0.7412,0.0563,0.0023,0.2615,0.0001,0.0574,0.1514,0.0003,0.1529,0.3554,1.0562,2.1341,9.1728,1.0688,12.5891
354,0.0173,0.2909,0.7666,0.0649,0.0024,0.2588,0.0001,0.0458,0.1484,0.0002,0.1481,0.3476,1.0355,2.1214,9.4636,1.0544,12.8441
355,0.0174,0.284,0.7409,0.0536,0.0022,0.3033,0.0001,0.0477,0.1552,0.0003,0.1925,0.363,1.1367,2.1909,9.7915,1.0605,13.247
356,0.0162,0.31,0.6857,0.0556,0.0015,0.241,0.0001,0.0441,0.1502,0.0001,0.1443,0.334,0.9806,1.998,9.9036,1.0853,13.1955
357,0.0137,0.2879,0.6879,0.0539,0.0015,0.2391,0.0001,0.0446,0.149,0.0001,0.1469,0.3302,0.9747,1.9705,10.4492,1.0794,13.704
358,0.0141,0.3032,0.7053,0.0512,0.0014,0.2362,0,0.0445,0.1503,0.0002,0.1507,0.3538,1.0023,2.03,10.9607,1.8385,15.0366
359,0.018,0.241,0.7061,0.0538,0.0013,0.2438,0,0.0532,0.1515,0.0001,0.1458,0.3399,0.9983,1.9683,9.2131,1.0537,12.439
360,0.0126,0.2114,0.7298,0.0552,0.0014,0.24,0.0001,0.0469,0.1491,0.0002,0.1377,0.3413,0.9841,1.9447,13.1711,1.0663,16.3844
361,0.0139,0.2989,0.7397,0.0542,0.0029,0.246,0.0001,0.0441,0.1554,0.0002,0.1474,0.3597,1.0311,2.0936,9.5184,1.076,12.8993
362,0.0174,0.37,0.7364,0.0536,0.0043,0.2515,0.0001,0.0424,0.1503,0.0001,0.1479,0.3424,1.0134,2.1492,9.6595,1.0629,13.0775
363,0.0173,0.2766,0.7168,0.0528,0.0017,0.3146,0.0002,0.0513,0.1627,0.0003,0.2014,0.3536,1.1583,2.177,10.4004,1.0747,13.8599
364,0.0168,0.3099,0.7093,0.0578,0.0016,0.249,0,0.0436,0.151,0.0001,0.1464,0.33,0.9893,2.0312,10.1971,1.05,13.4822
365,0.0166,0.2922,0.684,0.0518,0.0015,0.2365,0,0.0444,0.1536,0.0001,0.1449,0.3321,0.9736,1.9713,10.7509,1.0875,14.0136
366,0.0176,0.2436,0.7341,0.0547,0.0033,0.2625,0.0002,0.0539,0.1596,0.0003,0.1477,0.3443,1.0488,2.0554,11.8867,1.0929,15.2403
367,0.0166,0.3012,0.7571,0.0556,0.0017,0.2914,0.0001,0.058,0.1531,0.0003,0.1974,0.3429,1.1187,2.2198,9.4051,1.1004,12.9308
368,0.0209,0.1768,0.754,0.0562,0.0021,0.2575,0.0001,0.0482,0.1451,0.0002,0.1426,0.3457,1.0183,1.982,12.4624,1.0822,15.7522
369,0.0189,0.3062,0.7572,0.0675,0.0025,0.2628,0.0002,0.0479,0.1543,0.0002,0.1489,0.3447,1.0486,2.1436,8.3424,1.0772,11.7827
370,0.0179,0.3516,0.7258,0.054,0.004,0.2559,0.0001,0.0523,0.1512,0.0003,0.1557,0.3481,1.0408,2.1455,9.7862,1.0764,13.2184
371,0.0176,0.2853,0.736,0.0554,0.003,0.2485,0.0001,0.0575,0.1598,0.0002,0.1458,0.3396,1.0294,2.0775,8.2454,1.0736,11.6092
372,0.0167,0.3021,0.7108,0.0532,0.0014,0.2435,0.0001,0.0498,0.15,0.0001,0.1449,0.3318,0.9845,2.0199,8.2786,1.0715,11.5761
373,0.0138,0.2834,0.6799,0.0536,0.0014,0.2419,0.0001,0.0502,0.1516,0.0002,0.1446,0.3165,0.9692,1.9511,8.1431,1.0607,11.3592
374,0.0138,0.2855,0.675,0.0513,0.0015,0.2353,0.0001,0.0453,0.1508,0.0001,0.1455,0.3356,0.974,1.9532,8.2505,1.0786,11.4868
375,0.0136,0.284,0.6969,0.0548,0.0014,0.2415,0,0.0503,0.1485,0.0002,0.149,0.337,1,1.9999,8.2852,1.076,11.569
376,0.0146,0.1518,0.7662,0.0599,0.0021,0.248,0.0001,0.0501,0.1458,0.0003,0.1383,0.3517,1.0177,1.965,13.3655,1.0791,16.6391
377,0.0171,0.3003,0.755,0.0578,0.0019,0.2507,0.0001,0.0508,0.1577,0.0003,0.1566,0.3619,1.0583,2.1433,8.211,1.0578,11.6172
378,0.0168,0.283,0.7635,0.0564,0.0031,0.2531,0.0001,0.0441,0.1565,0.0002,0.1431,0.3436,1.0199,2.0955,8.2046,1.0607,11.5655
379,0.0162,0.3397,0.7356,0.0649,0.0026,0.2439,0.0001,0.0527,0.148,0.0002,0.143,0.3289,0.9965,2.0972,8.1735,1.0594,11.5346
380,0.0168,0.2152,0.7075,0.0546,0.0016,0.2415,0.0001,0.0529,0.1495,0.0002,0.1379,0.3361,0.9867,1.9367,8.268,1.0794,11.4897
381,0.0163,0.2882,0.7325,0.0536,0.0041,0.2565,0.0001,0.0547,0.1518,0.0002,0.1493,0.344,1.0351,2.0843,8.1985,1.0598,11.5475
382,0.0168,0.4558,0.7015,0.0553,0.0014,0.2457,0.0001,0.0502,0.1503,0.0001,0.1486,0.3362,0.997,2.1792,8.2004,1.0598,11.6435
383,0.0171,0.2807,0.7214,0.0535,0.0016,0.2443,0.0001,0.0526,0.1456,0.0002,0.1455,0.3393,0.9946,2.0223,8.159,1.0557,11.4455
384,0.0157,0.2115,0.7314,0.0618,0.0016,0.2365,0.0001,0.0462,0.1415,0.0002,0.1363,0.3393,0.987,1.9555,12.2741,1.0845,15.5183
385,0.0175,0.2548,0.7345,0.0626,0.0027,0.2506,0.0001,0.0556,0.1531,0.0002,0.1505,0.352,1.0482,2.0666,8.22,1.0788,11.571
386,0.0172,0.2277,0.7217,0.0555,0.0035,0.2571,0.0001,0.053,0.1516,0.0002,0.1476,0.3408,1.0298,2.0075,8.278,1.0739,11.5641
387,0.0173,0.4247,0.7408,0.0546,0.004,0.2566,0.0001,0.052,0.1569,0.0002,0.1456,0.345,1.0359,2.2295,8.2338,1.063,11.7315
388,0.0162,0.3467,0.7329,0.0579,0.004,0.2437,0.0001,0.0531,0.1573,0.0002,0.1392,0.3298,1.0052,2.1093,8.2371,1.0686,11.62
389,0.0176,0.283,0.7759,0.0542,0.0021,0.2597,0.0001,0.0526,0.1558,0.0002,0.1421,0.3312,1.0227,2.1082,8.2108,1.0614,11.5854
390,0.0172,0.3101,0.7295,0.0588,0.0017,0.2487,0.0001,0.0554,0.1521,0.0002,0.1456,0.3443,1.0241,2.0914,8.2273,1.0702,11.5926
391,0.017,0.2444,0.7147,0.0486,0.0031,0.2627,0.0001,0.0512,0.158,0.0002,0.1498,0.3476,1.04,2.0254,8.2919,1.083,11.6062
392,0.0177,0.211,0.7861,0.0608,0.0021,0.2476,0.0001,0.0473,0.1462,0.0002,0.1403,0.3458,1.0131,2.0409,10.8848,1.0707,14.2127
393,0.0173,0.2423,0.7699,0.0599,0.0019,0.2563,0.0001,0.0488,0.1529,0.0002,0.1521,0.3533,1.0436,2.0821,8.3049,1.0768,11.6791
394,0.0189,0.3492,0.7502,0.0541,0.0022,0.2577,0.0001,0.0472,0.1592,0.0002,0.1493,0.3465,1.0369,2.1643,8.4297,1.0792,11.891
395,0.019,0.3358,0.7312,0.0572,0.0024,0.3282,0.0001,0.0555,0.1514,0.0002,0.1921,0.3587,1.1658,2.2621,8.4013,1.083,11.9617
396,0.0164,0.2414,0.7341,0.0552,0.0031,0.2522,0.0001,0.0586,0.1506,0.0002,0.1429,0.368,1.0518,2.0543,8.2791,1.0767,11.62
397,0.0173,0.237,0.7147,0.056,0.0036,0.2507,0.0001,0.0612,0.1513,0.0002,0.1522,0.3446,1.0376,2.0159,8.2503,1.0726,11.5462
398,0.0163,0.2857,0.7249,0.0539,0.0043,0.2625,0.0001,0.0552,0.1532,0.0002,0.153,0.331,1.0336,2.0721,8.2936,1.0788,11.6529
399,0.017,0.2973,0.7072,0.0525,0.0017,0.3131,0.0002,0.0438,0.1503,0.0003,0.2042,0.3418,1.1286,2.1596,8.3309,1.0764,11.7734
400,0.017,0.2046,0.7588,0.0661,0.0017,0.2394,0.0001,0.052,0.1444,0.0001,0.1394,0.3428,1.0192,2.0084,12.6873,1.0599,15.9598
401,0.0169,0.2547,0.7654,0.0543,0.0019,0.2526,0.0001,0.0465,0.1515,0.0003,0.1537,0.3322,1.0104,2.0599,8.1499,1.0552,11.4699
402,0.0171,0.2808,0.6995,0.0559,0.0047,0.2626,0.0001,0.054,0.1529,0.0002,0.1455,0.3271,1.0214,2.0283,8.1573,1.0538,11.4457
403,0.0171,0.2935,0.7269,0.0604,0.0023,0.3073,0.0001,0.047,0.1538,0.0002,0.1957,0.348,1.1372,2.1826,8.1279,1.0542,11.5727
404,0.0164,0.2863,0.7299,0.0539,0.0017,0.249,0.0001,0.0535,0.1557,0.0002,0.1474,0.3407,1.0211,2.0622,8.1646,1.0578,11.4892
405,0.0171,0.3151,0.7336,0.0566,0.0017,0.2962,0.0001,0.0439,0.1515,0.0001,0.19,0.3695,1.1248,2.2005,8.1726,1.0651,11.6453
406,0.0163,0.2861,0.7503,0.057,0.0022,0.2616,0.0001,0.0545,0.1563,0.0002,0.1464,0.3459,1.043,2.1049,8.2601,1.079,11.6514
407,0.0173,0.2476,0.7438,0.0582,0.0041,0.2518,0.0001,0.0526,0.1524,0.0003,0.1498,0.343,1.0328,2.0533,8.2965,1.0884,11.6435
408,0.0195,0.1129,0.7474,0.0582,0.0018,0.2438,0.0001,0.0535,0.1484,0.0002,0.1389,0.3615,1.0275,1.9209,12.0906,1.6474,15.8945
409,0.0166,0.3068,0.7348,0.055,0.0055,0.2652,0.0001,0.0531,0.1533,0.0002,0.1473,0.35,1.0485,2.1195,8.8423,1.0508,12.2254
410,0.0174,0.2869,0.7324,0.0498,0.0023,0.2557,0.0002,0.0569,0.1549,0.0001,0.1455,0.3426,1.0258,2.0733,8.2647,1.0701,11.6118
411,0.0173,0.2943,0.7186,0.0496,0.0016,0.2964,0.0001,0.0447,0.1525,0.0002,0.19,0.3516,1.0985,2.1384,8.2537,1.0703,11.6657
412,0.0171,0.2309,0.711,0.0538,0.0015,0.2361,0.0001,0.0571,0.1532,0.0001,0.146,0.3208,0.9786,1.9456,8.2996,1.0697,11.5195
413,0.0164,0.2785,0.7582,0.0565,0.0041,0.3088,0.0001,0.0536,0.1557,0.0002,0.2006,0.3399,1.1416,2.2038,8.2981,1.0806,11.7899
414,0.0167,0.3269,0.7301,0.0534,0.0031,0.2552,0.0001,0.0473,0.1496,0.0002,0.1542,0.3431,1.0279,2.1125,8.2973,1.0715,11.6866
415,0.0167,0.2974,0.7188,0.0569,0.0043,0.2549,0.0001,0.0566,0.1513,0.0002,0.1488,0.3325,1.0263,2.0703,8.3271,1.0728,11.6777
416,0.0227,0.1135,0.7709,0.0581,0.0024,0.2504,0.0002,0.0507,0.1422,0.0002,0.1388,0.3604,1.0234,1.9425,14.6131,1.8318,18.6162
417,0.0173,0.2994,0.741,0.0601,0.0032,0.2422,0.0002,0.0472,0.1529,0.0002,0.1473,0.3429,1.0156,2.0834,8.2927,1.0738,11.6631
418,0.0167,0.3168,0.7197,0.0652,0.0042,0.2592,0.0001,0.0595,0.1513,0.0002,0.1388,0.3447,1.0445,2.1088,8.2792,1.0716,11.6649
419,0.0174,0.4457,0.7063,0.0514,0.0014,0.2365,0.0001,0.0529,0.148,0.0001,0.1465,0.3255,0.9724,2.1514,8.1769,1.0484,11.5811
420,0.0166,0.3098,0.694,0.0541,0.0016,0.2415,0.0001,0.0518,0.156,0.0002,0.1459,0.3274,0.9899,2.0204,8.2592,1.0703,11.5537
421,0.0163,0.2986,0.7022,0.0516,0.0015,0.2833,0.0001,0.0485,0.1469,0.0001,0.1916,0.3322,1.0649,2.0886,8.2464,1.047,11.5893
422,0.017,0.3176,0.716,0.0538,0.0014,0.2605,0,0.0529,0.152,0.0002,0.1381,0.3381,1.009,2.0665,8.1758,1.0476,11.4933
423,0.0164,0.2846,0.7321,0.0526,0.0028,0.2554,0.0001,0.0567,0.1531,0.0002,0.1442,0.3417,1.0291,2.072,8.2608,1.0697,11.6076
424,0.0171,0.2082,0.7746,0.0553,0.0022,0.294,0.0001,0.0458,0.144,0.0002,0.1799,0.3452,1.0891,2.1019,10.9473,1.0678,14.3353
425,0.0175,0.2467,0.7915,0.0641,0.0026,0.2523,0.0002,0.0467,0.15,0.0002,0.1488,0.3453,1.0311,2.0961,9.1462,1.0628,12.5148
426,0.0171,0.372,0.7364,0.0542,0.0024,0.2551,0.0002,0.0504,0.1519,0.0001,0.1451,0.3394,1.0181,2.1544,8.1809,1.0522,11.592
427,0.0169,0.2872,0.7308,0.0564,0.0039,0.2564,0.0001,0.0509,0.1556,0.0002,0.1541,0.3343,1.0325,2.0771,8.2997,1.0546,11.639
428,0.0164,0.2499,0.7405,0.0564,0.004,0.2566,0.0001,0.0464,0.1486,0.0001,0.134,0.3499,1.0138,2.0311,8.1635,1.0596,11.4593
429,0.017,0.2258,0.7237,0.0567,0.0016,0.2515,0.0001,0.0519,0.1527,0.0002,0.148,0.336,1.0141,1.9908,8.0867,1.0451,11.328
430,0.0169,0.2255,0.7288,0.0543,0.0018,0.2537,0.0001,0.0568,0.1519,0.0002,0.1389,0.3337,1.0094,1.9914,8.19,1.0582,11.4446
431,0.0174,0.2472,0.7318,0.0653,0.0021,0.2937,0.0002,0.0574,0.1522,0.0002,0.1831,0.342,1.1171,2.1244,8.23,1.069,11.6316
432,0.0173,0.2056,0.7697,0.0665,0.0023,0.249,0.0001,0.049,0.1447,0.0001,0.1382,0.3405,1.0109,2.0143,12.0347,1.5714,15.835
433,0.0173,0.241,0.7753,0.06,0.0019,0.254,0.0001,0.0464,0.1526,0.0002,0.1582,0.3524,1.0637,2.1062,10.2636,1.0516,13.6353
434,0.0165,0.3111,0.7516,0.0535,0.0034,0.252,0.0001,0.0484,0.1498,0.0002,0.1352,0.353,1.015,2.1059,8.2034,1.0616,11.5759
435,0.017,0.2872,0.738,0.0542,0.0039,0.25,0.0001,0.0482,0.152,0.0001,0.1475,0.3237,0.9984,2.0511,8.1806,1.0618,11.4976
436,0.0169,0.349,0.7287,0.0561,0.0029,0.2522,0.0001,0.0508,0.1486,0.0001,0.1389,0.3217,0.991,2.0958,8.2301,1.0679,11.5999
437,0.0175,0.3014,0.7379,0.0522,0.0018,0.2614,0.0001,0.0508,0.153,0.0003,0.139,0.3399,1.0189,2.088,8.2255,1.0502,11.5692
438,0.017,0.2363,0.7303,0.0575,0.004,0.2463,0.0001,0.0551,0.1439,0.0001,0.1483,0.3442,1.019,2.0102,8.1989,1.0517,11.4659
439,0.0171,0.3586,0.6981,0.0569,0.0021,0.2554,0.0001,0.056,0.1502,0.0002,0.1478,0.3443,1.0338,2.1164,8.1522,1.0489,11.5221
440,0.0168,0.2025,0.7724,0.059,0.0018,0.2405,0.0001,0.0472,0.143,0.0002,0.1389,0.3449,0.991,1.9959,11.3541,1.2143,14.7659
441,0.0174,0.2409,0.7319,0.0525,0.0015,0.2472,0.0001,0.0467,0.1489,0.0001,0.1488,0.3541,1.0115,2.0108,10.6659,1.056,13.9406
442,0.017,0.2984,0.725,0.0554,0.0029,0.2497,0.0001,0.0515,0.1501,0.0003,0.151,0.3446,1.0271,2.0807,8.1828,1.0534,11.523
443,0.0168,0.2472,0.7311,0.0556,0.0041,0.2851,0.0001,0.0432,0.1481,0.0002,0.1975,0.3518,1.1072,2.1134,8.1649,1.0476,11.5291
444,0.0173,0.279,0.7636,0.057,0.0026,0.2538,0,0.0535,0.1529,0.0002,0.1499,0.328,1.0176,2.0889,8.1334,1.0389,11.4686
445,0.0168,0.2833,0.7305,0.0542,0.0014,0.2401,0.0001,0.0504,0.1471,0.0001,0.1459,0.3373,0.9894,2.0287,8.6665,1.0621,11.9644
446,0.0173,0.3032,0.7057,0.0515,0.0014,0.2334,0.0001,0.0521,0.1484,0.0001,0.1463,0.3313,0.9741,2.0067,8.1004,1.0444,11.3598
447,0.0171,0.4277,0.6998,0.0625,0.0015,0.2992,0.0002,0.0539,0.1538,0.0003,0.1888,0.3332,1.1074,2.262,8.2332,1.0654,11.7661
448,0.0159,0.1966,0.7464,0.0561,0.0016,0.2515,0.0001,0.0485,0.1395,0.0002,0.1412,0.3582,1.0132,1.9786,14.1559,1.051,17.3939
449,0.018,0.3017,0.741,0.0597,0.0018,0.2548,0.0001,0.0558,0.1506,0.0002,0.1474,0.3347,1.0264,2.0972,8.203,1.0522,11.5682
450,0.0182,0.294,0.6983,0.0537,0.0015,0.239,0.0001,0.0461,0.146,0.0001,0.146,0.3381,0.9802,1.9983,8.7541,1.062,12.0302
451,0.0172,0.2868,0.6829,0.0558,0.0014,0.2399,0.0001,0.0484,0.146,0.0001,0.1457,0.3406,0.9877,1.98,8.1877,1.153,11.5255
452,0.0166,0.2983,0.7294,0.0567,0.0036,0.2554,0.0001,0.0525,0.1503,0.0003,0.1498,0.3623,1.0531,2.1098,8.1703,1.0507,11.5382
453,0.0171,0.2787,0.7393,0.0534,0.002,0.2506,0.0001,0.0546,0.1498,0.0002,0.1547,0.3426,1.0266,2.071,8.2325,1.0631,11.5742
454,0.0169,0.2272,0.7332,0.054,0.0015,0.2374,0,0.0436,0.1488,0.0001,0.1457,0.3279,0.9681,1.9513,8.2116,1.062,11.4304
455,0.0171,0.2338,0.6789,0.0514,0.0014,0.239,0.0001,0.0497,0.1469,0.0001,0.1366,0.3308,0.965,1.9002,8.7813,1.0612,11.948
456,0.0163,0.2081,0.7579,0.0477,0.002,0.3006,0.0001,0.0474,0.1618,0.0002,0.1781,0.3526,1.1117,2.104,10.6539,1.041,14.0084
457,0.0175,0.2507,0.747,0.0567,0.0025,0.2542,0.0001,0.0528,0.1498,0.0002,0.1474,0.3394,1.0188,2.042,8.2352,1.0578,11.5488
458,0.0174,0.3415,0.7444,0.0563,0.0023,0.2552,0,0.0543,0.1515,0.0002,0.146,0.3243,1.0042,2.1168,8.2968,1.0458,11.6712
459,0.0177,0.242,0.759,0.0537,0.0016,0.2569,0.0001,0.0573,0.1508,0.0002,0.1408,0.3386,1.0147,2.0414,9.1078,1.0534,12.4113
460,0.0163,0.2819,0.7057,0.054,0.0016,0.2937,0.0001,0.0515,0.1465,0.0002,0.1943,0.3375,1.0896,2.1006,8.1287,1.0442,11.4771
461,0.0166,0.2871,0.6981,0.0528,0.0014,0.2826,0.0001,0.0434,0.1457,0.0002,0.1898,0.3451,1.0706,2.0805,8.1748,1.0445,11.5056
462,0.0167,0.3052,0.71,0.054,0.0015,0.2426,0.0002,0.0523,0.1477,0.0002,0.1346,0.3412,0.985,2.0261,8.0854,1.0449,11.3588
463,0.0166,0.3645,0.705,0.0525,0.0014,0.2368,0.0001,0.0518,0.1452,0.0002,0.1336,0.3159,0.9465,2.0384,8.1503,1.0433,11.4358
464,0.0153,0.1975,0.7525,0.0578,0.0026,0.2558,0.0001,0.0553,0.1504,0.0002,0.1316,0.3427,1.0123,1.989,11.7084,1.4556,15.3607
465,0.0186,0.2548,0.7763,0.0615,0.0027,0.2578,0.0001,0.0462,0.1489,0.0003,0.1497,0.3551,1.0426,2.1049,11.6161,1.1721,15.1031
466,0.017,0.3018,0.7269,0.0583,0.0017,0.2601,0.0001,0.0497,0.1488,0.0002,0.1429,0.3316,1.0099,2.0665,8.2986,1.0278,11.5971
467,0.0171,0.3211,0.7255,0.0553,0.0019,0.2495,0.0001,0.0545,0.1492,0.0001,0.1491,0.3336,1.0124,2.0858,9.4198,1.047,12.7589
468,0.0166,0.2876,0.7477,0.0542,0.0017,0.2481,0.0001,0.052,0.1495,0.0002,0.1549,0.3492,1.0276,2.0906,9.394,1.0315,12.7209
469,0.0169,0.2849,0.7265,0.0559,0.0037,0.2484,0.0001,0.045,0.1545,0.0001,0.1372,0.3463,1.0099,2.0477,9.4748,1.7178,13.4461
470,0.0167,0.2896,0.7325,0.0574,0.0034,0.2488,0.0001,0.0514,0.151,0.0002,0.1501,0.3539,1.0365,2.0848,8.3225,1.7308,12.3478
471,0.0182,0.2986,0.7276,0.0575,0.0037,0.298,0.0001,0.0563,0.1509,0.0002,0.1968,0.3367,1.1196,2.1732,8.2614,1.0413,11.6802
472,0.0187,0.1115,0.7769,0.0608,0.0039,0.2402,0.0001,0.0467,0.1407,0.0002,0.1303,0.3603,1.004,1.9253,13.7252,1.0446,16.9245
473,0.0167,0.323,0.7665,0.055,0.0016,0.2625,0.0001,0.0538,0.1574,0.0003,0.1401,0.3543,1.0477,2.1643,9.476,1.4357,13.2838
474,0.0164,0.3616,0.7182,0.0519,0.0035,0.2531,0.0001,0.0462,0.1501,0.0002,0.1471,0.3428,1.0138,2.1193,8.2368,1.4414,12.006
475,0.0176,0.2961,0.7032,0.0554,0.0046,0.2567,0.0002,0.06,0.1525,0.0002,0.1496,0.3361,1.0366,2.0646,8.5467,1.034,11.8536
476,0.0176,0.2922,0.707,0.0537,0.0017,0.2453,0.0001,0.0533,0.1443,0.0002,0.1422,0.3403,1.004,2.0309,9.0799,1.0336,12.3559
477,0.0167,0.2868,0.7385,0.0576,0.0034,0.2485,0.0001,0.0535,0.1485,0.0002,0.1489,0.3357,1.0184,2.0696,8.9665,1.0679,12.3089
478,0.0169,0.3014,0.753,0.0646,0.0023,0.2921,0.0001,0.0642,0.1571,0.0002,0.1543,0.3569,1.1155,2.1958,10.3422,1.0243,13.7665
479,0.0179,0.2967,0.7295,0.0629,0.0038,0.2422,0.0001,0.0575,0.1521,0.0003,0.1481,0.359,1.0469,2.0985,9.534,1.6765,13.5199
480,0.0175,0.2149,0.7703,0.0525,0.0041,0.2625,0.0001,0.0529,0.1486,0.0002,0.1285,0.3545,1.0251,2.0405,14.6269,1.8168,18.6965
481,0.0164,0.2574,0.796,0.0571,0.0038,0.2947,0.0001,0.0572,0.1467,0.0002,0.1854,0.3526,1.1186,2.1998,9.3616,1.0496,12.8229
482,0.0171,0.3064,0.7509,0.0471,0.0019,0.249,0.0002,0.0458,0.1483,0.0002,0.1474,0.353,1.0135,2.0976,9.0819,1.0335,12.4182
483,0.0167,0.2948,0.7435,0.0526,0.0033,0.2751,0.0001,0.0573,0.148,0.0001,0.145,0.3426,1.0433,2.1077,8.049,1.0368,11.398
484,0.0166,0.2272,0.7177,0.0611,0.0034,0.2532,0.0001,0.0559,0.1513,0.0002,0.1442,0.3343,1.022,1.9945,8.0583,1.0302,11.2918
485,0.0174,0.2461,0.7306,0.0527,0.0021,0.2609,0.0002,0.0621,0.1508,0.0002,0.1384,0.341,1.0281,2.0318,8.0683,1.0396,11.3439
486,0.0167,0.291,0.7196,0.055,0.0039,0.2534,0.0001,0.0454,0.1505,0.0001,0.1532,0.34,1.0226,2.0604,7.9984,1.0142,11.2779
487,0.0159,0.2773,0.7321,0.0565,0.0034,0.251,0.0001,0.0486,0.1477,0.0001,0.1473,0.3244,0.9998,2.0339,8.0653,1.0343,11.338
488,0.0166,0.1149,0.7464,0.056,0.0019,0.2471,0.0001,0.0592,0.1498,0.0002,0.1368,0.3401,1.012,1.9039,14.4517,1.9044,18.4782
489,0.0168,0.3006,0.7575,0.0581,0.0039,0.2591,0.0002,0.0488,0.1509,0.0002,0.1501,0.3621,1.0541,2.1375,8.8743,1.0358,12.2584
490,0.0175,0.2986,0.7194,0.0552,0.0031,0.246,0.0001,0.0535,0.1481,0.0003,0.1493,0.3447,1.0191,2.0655,8.1234,1.0312,11.4254
491,0.0171,0.3473,0.7199,0.068,0.0041,0.2567,0.0001,0.0478,0.1527,0.0002,0.1503,0.3309,1.0321,2.127,8.038,1.028,11.3984
492,0.0217,0.2764,0.734,0.0619,0.0036,0.2558,0.0001,0.0544,0.1502,0.0002,0.1473,0.326,1.0196,2.0614,7.9758,1.028,11.2716
493,0.0169,0.2934,0.7112,0.0617,0.0034,0.255,0.0001,0.0535,0.1485,0.0002,0.1499,0.3382,1.028,2.0588,8.0236,1.0262,11.314
494,0.0184,0.2908,0.7231,0.0619,0.0018,0.2486,0.0002,0.0526,0.1411,0.0002,0.1471,0.3458,1.0188,2.0605,8.0539,1.0261,11.35
495,0.0172,0.2939,0.7214,0.0546,0.0021,0.2569,0.0001,0.0526,0.1528,0.0002,0.1341,0.334,1.0069,2.0485,8.0428,1.0245,11.3205
496,0.0204,0.1735,0.758,0.0506,0.0028,0.3052,0.0001,0.0482,0.1375,0.0002,0.1831,0.3553,1.1028,2.0668,12.5321,1.0124,15.8504
497,0.0182,0.3109,0.7644,0.0586,0.0019,0.2639,0.0001,0.0466,0.153,0.0003,0.1489,0.3433,1.0372,2.1437,10.1049,1.009,13.4746
498,0.0173,0.3639,0.7739,0.0579,0.0017,0.2925,0.0001,0.0466,0.1438,0.0002,0.1923,0.3392,1.0861,2.2505,8.0016,1.0226,11.4799
499,0.0165,0.2817,0.7212,0.0538,0.0016,0.2442,0.0001,0.0543,0.1483,0.0001,0.1437,0.3287,0.9934,2.022,8.1119,1.0404,11.3799
500,0.0171,0.2978,0.7348,0.0562,0.0033,0.2637,0.0001,0.0552,0.1505,0.0002,0.1493,0.3292,1.0304,2.1078,8.0735,1.0041,11.3894
501,0.0169,0.3056,0.7281,0.0578,0.0043,0.256,0.0001,0.0503,0.1522,0.0002,0.1369,0.3452,1.0208,2.0805,8.0054,1.0017,11.2928
502,0.0173,0.287,0.731,0.0542,0.0029,0.2568,0.0002,0.0553,0.1515,0.0002,0.1489,0.3332,1.0229,2.0675,7.9825,1.0127,11.2706
503,0.0171,0.2726,0.721,0.0549,0.0037,0.2475,0.0001,0.0539,0.1495,0.0002,0.1361,0.3241,0.9874,2.0085,8.0936,1.0029,11.3126
504,0.0211,0.2112,0.755,0.0562,0.0024,0.287,0.0001,0.0468,0.1455,0.0001,0.184,0.341,1.0789,2.0794,10.4771,1.2847,14.0416
505,0.0167,0.2494,0.7459,0.0561,0.0021,0.2507,0.0001,0.0484,0.1503,0.0001,0.152,0.3446,1.0183,2.0408,9.9731,1.0192,13.2374
506,0.0176,0.2869,0.7062,0.0601,0.0014,0.2417,0,0.0424,0.1431,0.0001,0.1409,0.3416,0.9824,2.0002,8.0347,1.0263,11.2679
507,0.0169,0.36,0.7016,0.0518,0.0015,0.2848,0.0001,0.0501,0.1463,0.0001,0.1903,0.3316,1.0683,2.154,8.0559,1.0202,11.4348
508,0.0162,0.2824,0.7146,0.0522,0.0015,0.2425,0.0001,0.0496,0.1459,0.0001,0.1387,0.3186,0.9579,1.9782,8.2944,1.0232,11.5034
509,0.0173,0.2231,0.7446,0.0597,0.0039,0.3146,0.0002,0.0478,0.15,0.0002,0.2022,0.345,1.146,2.1402,8.0318,1.0161,11.3948
510,0.0169,0.2972,0.7474,0.0557,0.0023,0.2502,0.0001,0.0551,0.1489,0.0002,0.1398,0.3239,0.9951,2.0661,7.9413,0.9967,11.2106
511,0.0171,0.2886,0.7211,0.0528,0.0038,0.2481,0.0002,0.0519,0.1505,0.0002,0.1486,0.3217,0.9961,2.0341,7.9712,1.0017,11.2131
512,0.0193,0.1601,0.753,0.0574,0.0017,0.2843,0.0001,0.0454,0.1399,0.0002,0.1858,0.3197,1.0547,2.0007,8.7114,1.0141,11.9531
513,0.0179,0.2556,0.7394,0.0595,0.004,0.2556,0.0001,0.0512,0.152,0.0002,0.1401,0.3466,1.0306,2.0542,8.1624,1.026,11.455
514,0.0185,0.2423,0.7272,0.059,0.0023,0.2629,0.0001,0.0603,0.1495,0.0002,0.1406,0.3311,1.0249,2.0221,8.1244,1.019,11.3815
515,0.016,0.2327,0.7264,0.055,0.0045,0.3223,0.0001,0.0446,0.1537,0.0002,0.1932,0.3325,1.1263,2.11,8.4549,1.0139,11.7869
516,0.0167,0.3947,0.7242,0.0597,0.0037,0.2798,0.0001,0.0652,0.1614,0.0003,0.1545,0.3402,1.0892,2.2336,8.1356,1.0127,11.5905
517,0.0176,0.3771,0.7049,0.0609,0.0055,0.2618,0.0001,0.0671,0.1497,0.0001,0.1391,0.3385,1.0434,2.153,8.0139,1.0047,11.3821
518,0.0168,0.2861,0.6983,0.0548,0.0015,0.2876,0.0001,0.0466,0.1443,0.0001,0.1876,0.326,1.0584,2.0695,7.9546,1.0042,11.2332
519,0.0161,0.2832,0.6779,0.0546,0.0015,0.2373,0.0001,0.0438,0.1462,0.0002,0.1435,0.331,0.9674,1.9503,8.0145,1.0123,11.1926
